(0, 1, 0, 0): 4
(1, 2, 0, 2): 1
(2, 3, 4, 0): 1
(3, 4, 0, 1): 3
(4, 4, 1, 1): 3
(3, 5, 0, 0): 1
(5, 6, 4, 0): 1
(1, 5, 0, 11): 1
(0, 7, 0, 0): 3
(4, 7, 1, 0): 1
(7, 10, 0, 4): 2
(4, 8, 1, 0): 1
(8, 9, 5, 1): 1
(8, 9, 7, 1): 1
(10, 11, 4, 0): 1
(11, 12, 2, 0): 2
(4, 12, 1, 0): 3
(12, 14, 0, 3): 3
(4, 13, 1, 1): 1
(12, 13, 0, 1): 1
(4, 14, 1, 3): 2
(0, 15, 0, 0): 1
(4, 15, 1, 0): 1
(4, 9, 1, 1): 1
(15, 16, 4, 0): 1
(6, 16, 0, 3): 1
(4, 16, 1, 5): 1
(4, 17, 1, 5): 1
(0, 18, 0, 0): 1
(9, 18, 1, 5): 1
(18, 19, 8, 4): 1
(19, 20, 4, 0): 1
(4, 10, 1, 4): 3
(4, 11, 1, 0): 1
(11, 21, 2, 7): 1
(10, 21, 4, 7): 1
(10, 22, 4, 0): 1
(0, 23, 0, 0): 1
(0, 23, 0, 2): 1
(0, 23, 0, 3): 1
(23, 24, 4, 7): 1
(4, 24, 1, 11): 1
(4, 25, 1, 1): 1
(0, 25, 0, 0): 1
(25, 26, 0, 2): 1
(1, 10, 0, 4): 1
(10, 27, 4, 2): 1
(27, 28, 2, 0): 1
(28, 29, 0, 0): 1
(0, 28, 0, 4): 1
(0, 28, 0, 5): 1
(0, 30, 0, 0): 1
(3, 30, 0, 4): 1
(10, 10, 4, 4): 1
(11, 31, 0, 0): 1
(0, 31, 0, 1): 2
(0, 31, 0, 3): 1
(4, 32, 1, 0): 1
(19, 32, 4, 11): 1
(17, 19, 5, 4): 1
(1, 4, 0, 1): 1
(4, 33, 1, 0): 1
(4, 33, 1, 2): 1
(4, 34, 1, 1): 1
(0, 34, 0, 4): 1
(14, 35, 3, 0): 1
(35, 36, 0, 0): 3
