(0, 1, 0, 0): 3
(1, 2, 2, 1): 1
(2, 3, 2, 2): 109
(3, 4, 2, 0): 5
(4, 5, 0, 1): 1
(3, 5, 2, 3): 1
(3, 6, 2, 1): 16
(6, 7, 1, 3): 1
(5, 8, 9, 0): 1
(5, 8, 11, 0): 1
(9, 10, 1, 0): 3
(10, 11, 2, 0): 3
(10, 12, 6, 4): 1
(8, 10, 0, 7): 4
(0, 13, 0, 0): 1
(13, 14, 15, 1): 1
(14, 15, 1, 7): 17
(2, 15, 2, 11): 12
(2, 16, 1, 0): 216
(3, 16, 2, 0): 321
(2, 16, 2, 0): 184
(3, 3, 2, 2): 940
(3, 17, 2, 5): 6
(2, 3, 1, 2): 94
(3, 18, 2, 2): 57
(3, 13, 2, 22): 1
(3, 19, 2, 1): 22
(3, 13, 2, 26): 1
(3, 13, 2, 31): 1
(3, 20, 2, 8): 88
(3, 13, 2, 35): 1
(3, 21, 2, 0): 98
(21, 22, 0, 1): 29
(0, 23, 0, 0): 2
(0, 23, 0, 3): 4
(23, 24, 4, 3): 1
(24, 25, 10, 0): 1
(3, 25, 2, 3): 4
(24, 26, 12, 6): 1
(20, 26, 8, 10): 1
(2, 6, 1, 1): 9
(6, 27, 1, 0): 15
(2, 28, 2, 5): 1
(20, 28, 8, 11): 1
(0, 29, 0, 0): 280
(29, 30, 0, 0): 1
(27, 30, 0, 0): 1
(22, 30, 1, 5): 2
(29, 31, 0, 0): 37
(2, 31, 2, 3): 5
(2, 32, 1, 0): 1
(3, 32, 2, 7): 1
(3, 33, 2, 3): 3
(29, 31, 0, 6): 34
(0, 16, 0, 0): 286
(16, 29, 0, 0): 16
(16, 34, 0, 0): 5
(29, 34, 0, 0): 23
(3, 29, 2, 0): 169
(16, 22, 0, 1): 45
(3, 35, 2, 8): 5
(0, 36, 0, 0): 1
(14, 36, 1, 2): 1
(14, 37, 1, 2): 9
(29, 37, 0, 9): 3
(27, 34, 0, 0): 12
(2, 40, 2, 5): 2
(2, 21, 1, 0): 26
(21, 38, 0, 1): 13
(16, 38, 0, 4): 7
(9, 16, 1, 0): 22
(3, 39, 2, 4): 14
(8, 40, 0, 8): 2
(29, 41, 0, 2): 2
(41, 42, 4, 0): 2
(3, 42, 2, 0): 70
(42, 43, 0, 0): 1
(27, 43, 0, 4): 1
(29, 43, 0, 11): 1
(0, 44, 0, 0): 64
(3, 44, 2, 0): 84
(21, 44, 0, 0): 10
(3, 45, 2, 0): 1
(18, 45, 2, 5): 1
(18, 45, 2, 7): 1
(2, 21, 2, 0): 19
(3, 46, 2, 1): 8
(16, 46, 0, 1): 3
(3, 9, 2, 1): 50
(0, 47, 0, 0): 2
(3, 47, 2, 0): 2
(31, 47, 0, 4): 1
(27, 31, 0, 3): 18
(3, 31, 2, 6): 6
(0, 48, 0, 0): 1
(18, 48, 2, 5): 1
(6, 48, 1, 8): 1
(6, 49, 1, 0): 1
(2, 50, 1, 7): 1
(21, 50, 0, 7): 2
(21, 51, 0, 0): 11
(0, 52, 0, 0): 4
(0, 52, 0, 2): 1
(0, 52, 0, 3): 2
(15, 52, 11, 4): 1
(3, 15, 2, 7): 1
(3, 53, 2, 1): 11
(0, 53, 0, 0): 18
(53, 54, 0, 2): 1
(21, 29, 0, 0): 96
(21, 55, 0, 2): 12
(55, 56, 2, 0): 1
(22, 56, 1, 0): 1
(0, 56, 0, 4): 1
(0, 56, 0, 5): 1
(0, 57, 0, 0): 2
(42, 57, 0, 4): 1
(21, 21, 0, 0): 6
(2, 58, 2, 0): 1
(0, 58, 0, 1): 15
(0, 58, 0, 3): 4
(3, 59, 2, 0): 1
(6, 59, 1, 11): 1
(6, 20, 1, 8): 2
(3, 60, 2, 0): 2
(3, 60, 2, 2): 2
(3, 61, 2, 1): 4
(0, 61, 0, 4): 2
(9, 62, 1, 0): 20
(8, 62, 0, 0): 238
(0, 63, 0, 1): 1
(38, 63, 1, 6): 1
(16, 16, 0, 0): 61
(3, 34, 2, 0): 18
(0, 3, 0, 2): 242
(3, 64, 2, 0): 5
(64, 65, 3, 0): 1
(3, 65, 2, 0): 1
(3, 31, 2, 3): 17
(3, 66, 2, 0): 1
(16, 66, 0, 5): 1
(3, 67, 2, 11): 7
(2, 31, 1, 6): 6
(4, 31, 0, 3): 4
(4, 68, 0, 12): 2
(0, 31, 0, 0): 14
(3, 69, 2, 0): 55
(69, 70, 1, 0): 1
(55, 70, 2, 4): 1
(55, 71, 2, 0): 1
(0, 70, 0, 6): 1
(0, 70, 0, 7): 1
(0, 72, 0, 1): 1
(3, 72, 2, 6): 1
(3, 69, 2, 1): 17
(16, 69, 0, 0): 7
(3, 73, 2, 5): 7
(0, 74, 0, 0): 1
(2, 74, 2, 0): 1
(2, 75, 1, 0): 1
(42, 76, 0, 0): 2
(42, 76, 0, 2): 2
(11, 42, 0, 0): 3
(76, 77, 7, 3): 2
(0, 31, 0, 6): 18
(29, 78, 0, 0): 1
(22, 78, 1, 12): 1
(3, 78, 2, 15): 1
(3, 11, 2, 0): 12
(0, 2, 0, 1): 4
(2, 6, 2, 1): 5
(6, 42, 1, 0): 11
(42, 79, 0, 1): 1
(37, 79, 2, 1): 1
(2, 11, 2, 0): 1
(2, 80, 1, 1): 1
(4, 80, 0, 7): 1
(4, 11, 0, 0): 2
(3, 81, 2, 0): 34
(81, 82, 0, 4): 1
(21, 82, 0, 6): 1
(3, 82, 2, 13): 1
(3, 22, 2, 1): 57
(0, 82, 0, 1): 1
(0, 69, 0, 1): 26
(69, 83, 0, 0): 1
(22, 83, 1, 1): 1
(22, 83, 1, 2): 1
(22, 83, 1, 4): 1
(22, 83, 1, 5): 1
(0, 83, 0, 6): 2
(0, 83, 0, 7): 1
(22, 83, 1, 7): 1
(69, 83, 0, 12): 1
(0, 83, 0, 15): 1
(22, 83, 1, 15): 1
(0, 21, 0, 0): 37
(3, 84, 2, 3): 1
(84, 85, 7, 3): 1
(21, 85, 0, 8): 1
(22, 86, 1, 0): 1
(86, 87, 1, 0): 1
(3, 87, 2, 0): 3
(8, 21, 0, 0): 35
(86, 88, 6, 4): 1
(3, 55, 2, 2): 10
(20, 55, 8, 2): 4
(3, 89, 2, 3): 26
(89, 90, 3, 0): 1
(21, 91, 0, 0): 1
(81, 91, 0, 4): 1
(0, 81, 0, 0): 14
(14, 91, 1, 14): 1
(0, 14, 0, 1): 22
(0, 92, 0, 1): 1
(92, 93, 8, 3): 1
(3, 93, 2, 3): 22
(8, 31, 0, 0): 8
(31, 62, 6, 0): 3
(20, 93, 8, 0): 1
(0, 92, 0, 10): 1
(3, 94, 2, 1): 1
(22, 94, 1, 5): 1
(42, 94, 0, 7): 2
(27, 31, 0, 0): 11
(27, 31, 0, 6): 24
(6, 46, 1, 1): 4
(6, 95, 1, 4): 1
(0, 89, 0, 3): 7
(2, 89, 1, 3): 1
(31, 96, 6, 1): 6
(0, 97, 0, 0): 2
(2, 97, 1, 1): 1
(21, 89, 0, 3): 7
(20, 97, 8, 4): 2
(0, 97, 0, 5): 2
(29, 98, 0, 0): 3
(3, 98, 2, 6): 2
(0, 98, 0, 7): 3
(14, 98, 1, 8): 2
(14, 21, 1, 0): 18
(21, 99, 0, 0): 3
(0, 100, 0, 0): 1
(100, 101, 0, 4): 1
(21, 100, 0, 5): 1
(27, 101, 0, 8): 1
(3, 102, 2, 0): 3
(3, 102, 2, 4): 1
(3, 103, 2, 7): 6
(14, 103, 1, 11): 2
(21, 81, 0, 0): 7
(0, 104, 0, 0): 1
(104, 105, 3, 0): 1
(27, 105, 0, 1): 18
(42, 104, 0, 11): 1
(21, 42, 0, 0): 17
(3, 106, 2, 7): 1
(106, 107, 7, 0): 1
(16, 42, 0, 0): 22
(2, 108, 1, 0): 2
(108, 109, 4, 1): 1
(16, 108, 0, 11): 1
(3, 110, 2, 0): 1
(6, 62, 1, 0): 8
(3, 111, 2, 1): 1
(3, 112, 2, 2): 1
(3, 112, 2, 9): 1
(3, 38, 2, 4): 9
(21, 27, 0, 0): 38
(21, 114, 0, 2): 1
(42, 114, 0, 9): 1
(8, 34, 0, 0): 8
(0, 114, 0, 10): 1
(0, 115, 0, 0): 1
(20, 115, 8, 4): 1
(22, 115, 1, 5): 1
(3, 117, 2, 8): 1
(3, 105, 2, 1): 3
(105, 118, 1, 1): 1
(68, 118, 12, 5): 1
(27, 105, 0, 0): 1
(0, 119, 0, 0): 2
(119, 120, 3, 0): 1
(0, 120, 0, 2): 1
(18, 120, 2, 5): 1
(3, 120, 2, 8): 1
(3, 121, 2, 10): 2
(0, 42, 0, 0): 8
(42, 122, 0, 1): 1
(31, 122, 3, 3): 1
(29, 122, 0, 9): 1
(37, 44, 9, 0): 2
(31, 37, 0, 2): 1
(31, 96, 3, 1): 2
(2, 34, 2, 0): 7
(0, 123, 0, 0): 1
(22, 123, 1, 3): 1
(0, 123, 0, 12): 1
(123, 124, 13, 0): 1
(123, 125, 14, 0): 1
(22, 123, 1, 16): 1
(3, 126, 2, 0): 1
(0, 126, 0, 0): 1
(16, 126, 0, 4): 1
(16, 20, 0, 8): 20
(0, 127, 0, 0): 2
(2, 127, 2, 2): 2
(2, 31, 1, 0): 7
(8, 31, 0, 3): 15
(20, 127, 8, 3): 2
(0, 64, 0, 0): 5
(64, 128, 3, 0): 1
(0, 128, 0, 1): 1
(128, 129, 6, 0): 1
(2, 129, 1, 5): 1
(2, 130, 2, 1): 2
(8, 130, 0, 4): 1
(58, 130, 0, 5): 1
(8, 58, 0, 1): 4
(58, 131, 3, 13): 1
(22, 131, 1, 13): 1
(18, 128, 2, 1): 1
(29, 132, 0, 0): 1
(0, 132, 0, 2): 1
(22, 132, 1, 6): 1
(55, 132, 2, 6): 1
(55, 99, 2, 0): 1
(22, 132, 1, 12): 1
(8, 132, 0, 13): 1
(34, 96, 0, 1): 3
(4, 34, 0, 0): 2
(4, 89, 0, 3): 4
(16, 133, 0, 7): 1
(22, 34, 1, 0): 9
(3, 62, 2, 0): 18
(0, 62, 0, 0): 116
(2, 62, 2, 0): 12
(4, 62, 0, 0): 2
(2, 22, 1, 1): 14
(0, 4, 0, 0): 6
(14, 134, 1, 0): 1
(22, 134, 1, 1): 1
(0, 134, 0, 2): 1
(22, 134, 1, 3): 1
(0, 134, 0, 12): 1
(21, 134, 0, 14): 1
(0, 134, 0, 17): 1
(8, 105, 0, 1): 8
(105, 135, 0, 3): 1
(20, 135, 8, 5): 2
(61, 135, 4, 7): 1
(21, 61, 0, 1): 2
(16, 19, 0, 1): 9
(0, 69, 0, 0): 23
(69, 136, 1, 1): 1
(69, 136, 0, 7): 1
(20, 69, 8, 1): 8
(4, 136, 0, 16): 1
(4, 21, 0, 0): 16
(16, 62, 0, 0): 3
(29, 137, 0, 1): 14
(3, 137, 2, 1): 14
(22, 137, 1, 2): 24
(22, 137, 1, 3): 15
(62, 62, 0, 0): 3
(0, 138, 0, 0): 1
(14, 138, 1, 13): 1
(1, 14, 0, 1): 1
(0, 1, 0, 2): 2
(3, 12, 2, 4): 5
(3, 40, 2, 5): 3
(40, 89, 8, 3): 1
(14, 89, 1, 3): 17
(14, 139, 1, 0): 1
(21, 139, 0, 0): 1
(29, 140, 0, 0): 1
(29, 140, 0, 3): 1
(0, 34, 0, 0): 17
(34, 141, 0, 3): 2
(141, 142, 0, 2): 1
(3, 143, 2, 1): 14
(81, 144, 0, 1): 1
(58, 144, 3, 3): 1
(29, 58, 0, 1): 27
(29, 58, 0, 0): 12
(4, 144, 0, 8): 1
(9, 144, 1, 10): 1
(42, 145, 0, 6): 1
(3, 68, 2, 12): 5
(0, 146, 0, 0): 3
(2, 146, 1, 3): 1
(2, 147, 2, 0): 1
(11, 147, 0, 0): 1
(147, 148, 0, 1): 1
(42, 147, 0, 0): 1
(42, 149, 0, 3): 1
(2, 146, 2, 5): 1
(3, 8, 2, 0): 2
(16, 21, 0, 0): 12
(3, 150, 2, 0): 1
(8, 150, 0, 7): 1
(21, 150, 0, 11): 1
(16, 151, 0, 0): 1
(16, 152, 0, 0): 1
(0, 151, 0, 3): 4
(0, 152, 0, 2): 1
(22, 152, 1, 6): 1
(0, 152, 0, 7): 1
(0, 152, 0, 12): 2
(69, 152, 0, 13): 1
(69, 153, 1, 0): 1
(0, 152, 0, 21): 1
(29, 154, 0, 0): 1
(16, 154, 0, 2): 1
(2, 154, 1, 0): 1
(2, 155, 2, 1): 2
(34, 155, 0, 3): 1
(3, 156, 2, 0): 3
(129, 156, 5, 0): 1
(20, 129, 8, 0): 1
(22, 157, 1, 0): 1
(3, 157, 2, 7): 1
(38, 158, 4, 5): 1
(0, 158, 0, 15): 1
(3, 159, 2, 1): 1
(29, 159, 0, 6): 1
(159, 160, 9, 1): 1
(58, 160, 3, 5): 1
(0, 130, 0, 5): 2
(119, 130, 3, 1): 1
(119, 161, 0, 1): 1
(8, 161, 0, 1): 1
(29, 161, 0, 1): 10
(16, 18, 0, 2): 18
(27, 161, 0, 1): 7
(29, 130, 0, 4): 3
(14, 162, 1, 1): 1
(2, 162, 1, 1): 3
(71, 162, 0, 0): 1
(2, 71, 2, 0): 4
(58, 162, 3, 1): 2
(3, 162, 2, 0): 5
(0, 87, 0, 0): 1
(58, 163, 1, 0): 2
(0, 163, 0, 2): 2
(21, 164, 0, 5): 1
(3, 164, 2, 8): 2
(3, 37, 2, 2): 9
(3, 37, 2, 9): 6
(22, 164, 1, 10): 2
(22, 164, 1, 12): 2
(18, 62, 2, 0): 1
(14, 62, 1, 0): 4
(31, 37, 3, 9): 1
(2, 165, 2, 0): 1
(49, 165, 0, 2): 1
(31, 166, 6, 8): 1
(3, 119, 2, 3): 4
(119, 167, 0, 0): 1
(31, 51, 6, 0): 4
(0, 168, 0, 1): 1
(42, 168, 0, 3): 1
(42, 169, 0, 1): 1
(14, 168, 1, 12): 3
(14, 146, 1, 3): 1
(27, 146, 0, 5): 1
(0, 170, 0, 1): 9
(170, 171, 1, 0): 2
(170, 171, 1, 9): 2
(0, 171, 0, 12): 2
(29, 171, 0, 15): 2
(0, 172, 0, 0): 1
(3, 172, 2, 7): 1
(0, 172, 0, 8): 1
(0, 173, 0, 1): 1
(31, 173, 6, 1): 1
(31, 42, 3, 0): 8
(18, 173, 2, 6): 1
(22, 62, 1, 0): 8
(62, 174, 0, 0): 1
(3, 174, 2, 7): 1
(3, 175, 2, 2): 1
(22, 175, 1, 5): 1
(21, 175, 0, 5): 1
(0, 175, 0, 10): 2
(0, 176, 0, 1): 1
(0, 176, 0, 9): 1
(176, 177, 10, 6): 1
(42, 177, 0, 6): 3
(42, 112, 0, 9): 1
(27, 112, 0, 2): 1
(19, 178, 1, 0): 1
(27, 178, 0, 4): 1
(31, 179, 3, 1): 1
(179, 180, 3, 0): 1
(31, 181, 0, 2): 2
(0, 181, 0, 5): 2
(34, 38, 0, 1): 2
(34, 51, 0, 0): 3
(3, 182, 2, 0): 1
(0, 182, 0, 0): 1
(69, 182, 0, 1): 1
(0, 182, 0, 4): 1
(0, 182, 0, 8): 1
(69, 182, 1, 15): 1
(3, 183, 2, 0): 4
(21, 183, 0, 4): 2
(0, 182, 0, 18): 1
(0, 182, 0, 19): 1
(22, 182, 1, 19): 1
(0, 182, 0, 22): 1
(21, 35, 0, 8): 1
(6, 183, 1, 0): 1
(183, 184, 4, 0): 1
(6, 185, 1, 0): 1
(3, 14, 2, 1): 47
(14, 186, 1, 5): 1
(29, 187, 0, 0): 1
(22, 187, 1, 1): 1
(22, 187, 1, 4): 1
(16, 187, 0, 5): 1
(0, 187, 0, 9): 2
(0, 187, 0, 14): 1
(0, 188, 0, 0): 1
(29, 188, 0, 17): 1
(29, 137, 0, 2): 6
(0, 137, 0, 1): 3
(0, 188, 0, 20): 1
(0, 188, 0, 24): 1
(0, 188, 0, 29): 1
(96, 189, 1, 1): 1
(42, 189, 0, 6): 1
(42, 189, 0, 8): 1
(0, 190, 0, 0): 1
(22, 190, 1, 5): 1
(3, 191, 2, 1): 2
(29, 192, 0, 3): 1
(29, 192, 0, 4): 1
(29, 192, 0, 8): 4
(29, 193, 0, 0): 1
(22, 193, 1, 6): 1
(0, 193, 0, 10): 1
(0, 193, 0, 11): 2
(55, 193, 2, 12): 1
(55, 194, 2, 0): 2
(16, 55, 0, 2): 4
(0, 193, 0, 19): 1
(29, 192, 0, 10): 1
(29, 137, 0, 3): 2
(55, 195, 2, 0): 1
(2, 197, 2, 0): 1
(2, 196, 1, 0): 1
(14, 196, 1, 8): 1
(14, 67, 1, 11): 1
(3, 198, 2, 5): 1
(0, 198, 0, 5): 1
(0, 198, 0, 10): 1
(51, 198, 0, 13): 1
(40, 199, 8, 3): 1
(2, 40, 1, 5): 1
(2, 61, 2, 1): 1
(6, 61, 1, 4): 1
(29, 200, 0, 0): 1
(53, 200, 0, 8): 1
(53, 55, 1, 2): 1
(55, 201, 2, 0): 1
(22, 200, 1, 11): 2
(4, 200, 0, 14): 1
(29, 202, 0, 0): 1
(0, 202, 0, 0): 2
(62, 202, 0, 0): 1
(34, 89, 0, 3): 3
(29, 73, 0, 5): 1
(22, 31, 1, 3): 3
(31, 203, 0, 3): 1
(34, 203, 0, 4): 1
(22, 203, 1, 8): 1
(22, 31, 1, 6): 8
(3, 204, 2, 2): 1
(29, 204, 0, 13): 1
(29, 40, 0, 5): 3
(40, 205, 8, 4): 1
(3, 205, 2, 4): 1
(29, 206, 0, 1): 1
(42, 206, 0, 3): 1
(1, 3, 0, 2): 2
(0, 206, 0, 6): 1
(49, 207, 0, 1): 2
(3, 207, 2, 3): 1
(207, 208, 8, 1): 2
(19, 208, 1, 3): 2
(42, 208, 0, 4): 2
(21, 62, 0, 0): 15
(81, 209, 0, 1): 1
(35, 209, 8, 3): 1
(27, 210, 0, 0): 1
(21, 210, 0, 5): 1
(21, 68, 0, 12): 2
(3, 210, 2, 6): 1
(40, 53, 5, 1): 1
(40, 211, 8, 0): 1
(0, 212, 0, 0): 1
(212, 213, 3, 1): 1
(2, 213, 1, 7): 1
(2, 20, 2, 8): 5
(14, 20, 1, 8): 7
(14, 31, 1, 6): 6
(20, 42, 8, 0): 3
(16, 64, 0, 3): 9
(14, 16, 1, 0): 24
(2, 62, 1, 0): 9
(69, 214, 0, 0): 1
(29, 214, 0, 1): 1
(0, 214, 0, 11): 1
(2, 215, 2, 0): 1
(29, 216, 0, 0): 1
(216, 217, 8, 1): 1
(53, 216, 0, 9): 1
(3, 31, 2, 0): 4
(16, 218, 0, 0): 1
(46, 218, 1, 5): 1
(46, 219, 1, 0): 2
(27, 219, 0, 0): 5
(0, 218, 0, 6): 1
(0, 218, 0, 10): 1
(9, 218, 1, 10): 1
(0, 220, 0, 0): 1
(31, 220, 6, 3): 1
(14, 31, 1, 3): 2
(14, 217, 1, 1): 6
(31, 217, 0, 1): 1
(0, 221, 0, 1): 1
(0, 221, 0, 3): 1
(3, 221, 2, 7): 1
(6, 89, 1, 3): 1
(0, 162, 0, 0): 1
(0, 162, 0, 1): 12
(69, 162, 1, 1): 2
(69, 222, 0, 0): 1
(0, 222, 0, 2): 2
(0, 222, 0, 9): 1
(69, 222, 0, 12): 1
(21, 69, 0, 1): 6
(0, 222, 0, 13): 2
(0, 222, 0, 17): 1
(0, 222, 0, 18): 1
(9, 222, 1, 21): 1
(0, 223, 0, 0): 1
(49, 223, 0, 1): 1
(31, 223, 0, 1): 1
(29, 105, 0, 1): 6
(55, 105, 2, 1): 1
(2, 55, 2, 2): 11
(2, 137, 1, 2): 1
(29, 224, 0, 0): 1
(0, 224, 0, 3): 1
(0, 224, 0, 7): 1
(0, 224, 0, 14): 2
(9, 224, 1, 17): 1
(0, 224, 0, 20): 1
(0, 224, 0, 21): 2
(22, 192, 1, 4): 4
(22, 192, 1, 3): 4
(22, 192, 1, 10): 4
(29, 105, 0, 0): 4
(20, 225, 8, 3): 1
(42, 225, 0, 10): 1
(2, 31, 1, 3): 7
(2, 219, 2, 0): 4
(51, 219, 0, 0): 1
(37, 219, 2, 0): 1
(8, 31, 0, 6): 15
(146, 226, 3, 2): 1
(21, 146, 0, 5): 1
(3, 208, 2, 1): 3
(208, 227, 3, 0): 1
(31, 227, 3, 5): 1
(0, 208, 0, 4): 1
(0, 229, 0, 0): 1
(3, 229, 2, 3): 1
(3, 162, 2, 1): 3
(21, 162, 0, 0): 2
(29, 230, 0, 0): 1
(62, 230, 0, 5): 1
(49, 230, 0, 6): 1
(18, 230, 2, 7): 1
(0, 231, 0, 1): 2
(3, 231, 2, 4): 3
(2, 232, 1, 3): 1
(0, 232, 0, 5): 2
(34, 232, 0, 12): 1
(69, 233, 1, 0): 1
(3, 233, 2, 9): 1
(20, 46, 8, 1): 2
(81, 234, 0, 1): 1
(21, 234, 0, 7): 1
(34, 235, 0, 3): 1
(108, 235, 11, 0): 1
(34, 62, 0, 0): 6
(19, 108, 1, 4): 1
(0, 2, 0, 2): 17
(81, 236, 0, 0): 1
(9, 236, 1, 8): 1
(0, 236, 0, 19): 1
(69, 237, 1, 0): 1
(51, 237, 0, 0): 1
(31, 49, 6, 0): 1
(31, 62, 3, 0): 4
(21, 238, 0, 4): 1
(3, 238, 2, 4): 2
(3, 239, 2, 5): 1
(20, 21, 8, 0): 4
(21, 240, 0, 0): 1
(21, 240, 0, 5): 1
(62, 240, 0, 5): 1
(29, 241, 0, 1): 1
(81, 241, 0, 6): 1
(2, 241, 2, 7): 1
(3, 242, 2, 3): 1
(0, 242, 0, 9): 2
(3, 243, 2, 5): 1
(31, 96, 0, 1): 3
(0, 244, 0, 0): 4
(244, 245, 3, 0): 2
(244, 245, 3, 6): 2
(0, 247, 0, 0): 2
(29, 247, 0, 2): 1
(3, 248, 2, 0): 2
(38, 248, 4, 3): 1
(6, 38, 1, 1): 3
(6, 51, 1, 0): 4
(3, 249, 2, 0): 1
(249, 250, 4, 0): 1
(40, 250, 5, 13): 1
(0, 31, 0, 3): 6
(22, 31, 1, 0): 16
(3, 251, 2, 0): 1
(16, 252, 0, 0): 1
(107, 252, 0, 0): 2
(133, 252, 7, 0): 1
(29, 253, 0, 0): 2
(16, 253, 0, 0): 1
(2, 57, 1, 4): 3
(0, 255, 0, 0): 2
(3, 255, 2, 2): 2
(3, 256, 2, 0): 2
(14, 255, 1, 5): 2
(14, 257, 1, 4): 1
(2, 257, 1, 7): 1
(2, 31, 2, 0): 4
(0, 257, 0, 2): 2
(2, 258, 1, 0): 1
(258, 259, 6, 1): 1
(3, 259, 2, 7): 1
(1, 21, 2, 0): 1
(42, 260, 0, 0): 1
(42, 260, 0, 2): 1
(20, 260, 8, 6): 1
(20, 261, 8, 1): 2
(16, 261, 0, 1): 1
(16, 167, 0, 0): 1
(96, 262, 1, 0): 1
(3, 262, 2, 8): 1
(29, 62, 0, 0): 8
(89, 141, 3, 0): 1
(14, 33, 1, 3): 2
(31, 263, 3, 6): 1
(69, 264, 1, 0): 2
(14, 264, 1, 8): 2
(3, 265, 2, 6): 2
(6, 265, 1, 7): 1
(0, 6, 0, 1): 6
(18, 265, 2, 3): 2
(3, 266, 2, 0): 3
(3, 267, 2, 4): 9
(29, 31, 0, 3): 11
(14, 268, 1, 0): 1
(22, 268, 1, 1): 1
(3, 268, 2, 4): 1
(21, 268, 0, 6): 1
(0, 269, 0, 0): 1
(22, 269, 1, 0): 1
(69, 269, 0, 5): 1
(0, 269, 0, 13): 1
(3, 269, 2, 13): 1
(4, 20, 0, 8): 2
(0, 270, 0, 0): 2
(22, 270, 1, 13): 1
(29, 270, 0, 14): 1
(3, 219, 2, 0): 7
(8, 219, 0, 0): 4
(42, 271, 0, 3): 1
(6, 271, 1, 3): 1
(6, 99, 1, 0): 1
(0, 272, 0, 0): 1
(2, 273, 1, 0): 1
(273, 274, 4, 4): 1
(0, 273, 0, 11): 1
(0, 273, 0, 13): 1
(2, 68, 2, 12): 1
(0, 275, 0, 0): 1
(22, 275, 1, 6): 1
(3, 276, 2, 1): 1
(103, 277, 11, 2): 1
(29, 277, 0, 7): 1
(29, 277, 0, 10): 1
(0, 278, 0, 0): 1
(6, 278, 1, 5): 1
(6, 22, 1, 1): 3
(0, 278, 0, 8): 1
(3, 279, 2, 1): 1
(9, 279, 1, 3): 1
(8, 279, 0, 9): 1
(279, 280, 10, 4): 1
(68, 280, 12, 7): 1
(3, 281, 2, 0): 1
(81, 281, 0, 1): 1
(21, 281, 0, 3): 1
(57, 281, 0, 4): 1
(55, 105, 2, 0): 2
(3, 282, 2, 0): 4
(14, 283, 1, 1): 1
(42, 283, 0, 9): 1
(42, 284, 0, 4): 1
(34, 285, 0, 10): 1
(0, 286, 0, 0): 1
(3, 286, 2, 8): 1
(29, 287, 0, 6): 1
(20, 287, 8, 6): 1
(3, 230, 2, 6): 1
(21, 230, 0, 5): 1
(8, 230, 0, 0): 1
(9, 230, 1, 7): 1
(31, 288, 3, 0): 1
(16, 288, 0, 3): 1
(16, 31, 0, 3): 6
(3, 288, 2, 9): 1
(3, 289, 2, 2): 4
(34, 289, 0, 2): 1
(14, 15, 1, 11): 2
(89, 290, 3, 4): 1
(21, 291, 0, 0): 2
(42, 291, 0, 4): 1
(18, 161, 2, 1): 1
(69, 161, 1, 1): 1
(0, 292, 0, 0): 2
(9, 292, 1, 3): 1
(0, 292, 0, 6): 1
(0, 292, 0, 11): 1
(22, 292, 1, 13): 1
(22, 292, 1, 14): 1
(0, 292, 0, 15): 1
(3, 292, 2, 15): 1
(0, 292, 0, 19): 1
(0, 293, 0, 0): 1
(21, 293, 0, 3): 1
(3, 293, 2, 4): 1
(3, 294, 2, 9): 1
(105, 295, 1, 0): 1
(3, 295, 2, 3): 1
(2, 256, 1, 0): 3
(16, 296, 0, 0): 1
(22, 296, 1, 5): 1
(22, 296, 1, 6): 1
(22, 296, 1, 9): 1
(0, 296, 0, 12): 1
(0, 296, 0, 16): 1
(16, 81, 0, 0): 4
(21, 96, 0, 1): 11
(3, 297, 2, 2): 1
(0, 297, 0, 3): 1
(2, 297, 2, 11): 1
(2, 34, 1, 0): 16
(3, 298, 2, 0): 1
(3, 298, 2, 9): 1
(22, 298, 1, 11): 1
(22, 298, 1, 12): 1
(42, 299, 0, 0): 1
(0, 299, 0, 2): 1
(31, 299, 0, 8): 1
(89, 219, 3, 0): 1
(2, 219, 1, 0): 1
(31, 42, 6, 0): 2
(42, 300, 0, 2): 1
(68, 300, 12, 9): 1
(62, 219, 0, 0): 6
(14, 55, 1, 2): 11
(19, 301, 1, 0): 1
(301, 302, 1, 0): 1
(22, 301, 1, 10): 1
(69, 303, 0, 0): 1
(0, 303, 0, 2): 1
(69, 303, 0, 6): 1
(69, 303, 0, 7): 1
(0, 303, 0, 8): 1
(69, 303, 0, 9): 1
(0, 303, 0, 10): 2
(6, 29, 1, 0): 17
(2, 304, 2, 0): 1
(2, 304, 1, 7): 1
(42, 305, 0, 1): 1
(20, 305, 8, 3): 1
(29, 305, 0, 9): 1
(3, 306, 2, 0): 1
(11, 306, 0, 2): 1
(118, 306, 5, 3): 1
(29, 118, 0, 1): 1
(3, 306, 2, 6): 1
(34, 40, 0, 8): 1
(34, 307, 0, 0): 1
(29, 219, 0, 0): 7
(2, 37, 1, 9): 2
(38, 308, 1, 4): 1
(9, 31, 1, 6): 2
(11, 31, 0, 3): 1
(31, 42, 0, 0): 4
(42, 118, 0, 1): 1
(31, 118, 6, 5): 1
(14, 309, 1, 0): 1
(8, 309, 0, 8): 1
(20, 309, 8, 11): 1
(6, 9, 1, 1): 5
(4, 6, 0, 1): 4
(4, 310, 0, 0): 1
(3, 311, 2, 0): 1
(2, 311, 2, 2): 1
(8, 311, 0, 11): 1
(3, 227, 2, 0): 1
(6, 227, 1, 5): 1
(29, 103, 0, 11): 2
(34, 55, 0, 2): 3
(2, 312, 1, 0): 1
(3, 314, 2, 0): 1
(0, 314, 0, 1): 1
(12, 314, 4, 5): 1
(29, 40, 0, 8): 5
(40, 62, 5, 0): 1
(6, 16, 1, 0): 4
(3, 194, 2, 0): 7
(3, 315, 2, 3): 2
(3, 315, 2, 1): 2
(22, 315, 1, 0): 2
(14, 34, 1, 0): 4
(34, 42, 0, 0): 3
(40, 96, 5, 1): 1
(68, 316, 12, 3): 1
(3, 316, 2, 6): 1
(3, 184, 2, 0): 1
(42, 317, 0, 1): 1
(21, 317, 0, 7): 1
(3, 318, 2, 0): 2
(194, 319, 0, 5): 1
(321, 322, 3, 0): 1
(46, 323, 1, 4): 1
(89, 323, 3, 9): 1
(69, 89, 1, 3): 3
(88, 323, 4, 14): 1
(42, 324, 0, 0): 1
(27, 324, 0, 6): 1
(0, 325, 0, 1): 1
(325, 326, 3, 0): 1
(18, 326, 2, 0): 1
(162, 326, 1, 0): 1
(49, 162, 0, 1): 4
(156, 162, 0, 0): 1
(21, 156, 0, 0): 1
(0, 325, 0, 6): 2
(20, 327, 8, 3): 1
(67, 327, 11, 15): 1
(20, 38, 8, 1): 3
(21, 69, 0, 0): 1
(0, 328, 0, 0): 1
(0, 328, 0, 4): 1
(3, 328, 2, 5): 1
(0, 328, 0, 9): 1
(2, 329, 2, 2): 1
(21, 329, 0, 10): 1
(6, 21, 1, 0): 1
(14, 248, 1, 0): 4
(8, 248, 0, 3): 1
(16, 69, 0, 1): 10
(16, 330, 0, 3): 1
(20, 81, 8, 0): 2
(2, 330, 2, 10): 1
(3, 130, 2, 4): 1
(18, 130, 2, 1): 1
(29, 331, 0, 1): 2
(331, 331, 10, 10): 1
(3, 332, 2, 0): 1
(31, 332, 3, 6): 1
(31, 55, 3, 2): 4
(31, 69, 0, 0): 4
(69, 333, 1, 0): 2
(0, 334, 0, 0): 1
(20, 334, 8, 2): 1
(21, 334, 0, 6): 1
(2, 334, 2, 8): 1
(2, 18, 1, 2): 1
(21, 335, 0, 0): 1
(21, 335, 0, 11): 1
(42, 336, 0, 2): 2
(0, 336, 0, 4): 2
(19, 336, 1, 8): 2
(4, 337, 0, 5): 1
(4, 217, 0, 1): 3
(62, 101, 0, 8): 1
(89, 101, 3, 4): 1
(89, 105, 3, 0): 1
(0, 338, 0, 0): 2
(27, 338, 0, 2): 2
(29, 339, 0, 0): 1
(21, 339, 0, 2): 1
(69, 340, 1, 2): 1
(6, 340, 1, 2): 1
(0, 340, 0, 8): 1
(21, 341, 0, 2): 1
(2, 341, 2, 3): 1
(0, 341, 0, 16): 1
(29, 342, 0, 0): 1
(3, 342, 2, 5): 1
(8, 342, 0, 11): 1
(3, 342, 2, 17): 1
(2, 343, 2, 4): 1
(2, 289, 1, 2): 1
(31, 289, 0, 2): 1
(21, 280, 0, 7): 1
(21, 280, 0, 4): 1
(2, 344, 2, 0): 1
(162, 345, 1, 1): 1
(47, 345, 4, 2): 1
(47, 346, 0, 1): 1
(33, 47, 3, 0): 1
(33, 162, 3, 0): 2
(29, 52, 0, 3): 1
(20, 52, 8, 4): 1
(20, 52, 8, 2): 2
(21, 127, 0, 3): 1
(20, 127, 8, 0): 1
(3, 127, 2, 2): 1
(3, 347, 2, 1): 1
(217, 347, 1, 5): 1
(16, 348, 0, 2): 1
(22, 348, 1, 7): 1
(161, 348, 1, 7): 1
(2, 349, 2, 2): 2
(4, 349, 0, 4): 1
(0, 349, 0, 6): 1
(2, 14, 2, 1): 1
(2, 248, 2, 3): 1
(29, 350, 0, 6): 2
(8, 350, 0, 0): 2
(8, 350, 0, 1): 2
(18, 137, 2, 2): 3
(29, 351, 0, 7): 3
(18, 351, 2, 8): 4
(22, 351, 1, 0): 2
(0, 352, 0, 0): 1
(2, 352, 2, 0): 1
(14, 352, 1, 8): 1
(3, 353, 2, 0): 1
(4, 354, 0, 0): 1
(22, 354, 1, 9): 1
(18, 354, 2, 10): 1
(29, 355, 0, 1): 1
(3, 355, 2, 14): 1
(3, 355, 2, 17): 1
(0, 355, 0, 0): 1
(3, 356, 2, 1): 6
(16, 356, 0, 1): 1
(0, 357, 0, 0): 1
(3, 357, 2, 3): 1
(20, 89, 8, 3): 4
(0, 357, 0, 4): 1
(20, 357, 8, 4): 1
(18, 299, 2, 2): 1
(33, 299, 3, 0): 1
(3, 299, 2, 8): 1
(6, 64, 1, 0): 1
(0, 64, 0, 3): 1
(64, 358, 0, 11): 2
(73, 93, 5, 0): 1
(0, 359, 0, 0): 1
(3, 359, 2, 1): 2
(3, 360, 2, 4): 2
(3, 360, 2, 7): 2
(69, 361, 1, 2): 1
(3, 361, 2, 2): 1
(21, 361, 0, 4): 1
(21, 73, 0, 5): 1
(0, 361, 0, 12): 1
(16, 362, 0, 0): 1
(3, 362, 2, 8): 1
(16, 362, 0, 14): 1
(16, 363, 0, 2): 1
(18, 363, 2, 5): 1
(137, 363, 1, 6): 1
(16, 362, 0, 20): 1
(16, 364, 0, 0): 1
(18, 364, 2, 4): 1
(3, 362, 2, 24): 1
(20, 29, 8, 0): 5
(6, 87, 1, 0): 2
(87, 139, 0, 0): 1
(139, 365, 0, 0): 1
(55, 179, 2, 1): 1
(3, 179, 2, 3): 11
(3, 95, 2, 4): 1
(0, 366, 0, 0): 2
(58, 366, 0, 2): 1
(27, 58, 0, 1): 5
(42, 58, 0, 3): 1
(2, 367, 1, 0): 1
(2, 367, 2, 5): 1
(3, 367, 2, 13): 1
(3, 367, 2, 19): 1
(16, 367, 0, 26): 1
(3, 367, 2, 30): 1
(62, 64, 0, 0): 4
(16, 368, 0, 0): 1
(3, 368, 2, 7): 1
(3, 10, 2, 2): 1
(4, 10, 0, 0): 1
(10, 103, 6, 7): 1
(0, 103, 0, 11): 2
(38, 369, 4, 0): 1
(3, 369, 2, 6): 1
(3, 369, 2, 9): 1
(3, 369, 2, 10): 2
(3, 58, 2, 3): 2
(14, 370, 1, 0): 1
(14, 370, 1, 4): 1
(4, 35, 0, 8): 1
(2, 371, 1, 2): 1
(34, 371, 0, 11): 1
(170, 372, 1, 0): 1
(0, 372, 0, 2): 1
(22, 372, 1, 9): 1
(0, 372, 0, 10): 1
(15, 373, 11, 1): 1
(42, 373, 0, 8): 1
(149, 374, 3, 0): 1
(3, 208, 2, 3): 1
(0, 208, 0, 1): 1
(21, 208, 0, 4): 2
(34, 64, 0, 3): 1
(64, 375, 0, 0): 1
(3, 167, 2, 0): 5
(69, 376, 0, 0): 1
(69, 376, 0, 5): 1
(0, 376, 0, 9): 1
(69, 376, 0, 10): 1
(3, 377, 2, 0): 1
(22, 377, 1, 0): 1
(3, 377, 2, 23): 1
(69, 378, 1, 2): 1
(27, 378, 0, 7): 1
(4, 378, 0, 10): 1
(3, 379, 2, 0): 7
(3, 380, 2, 0): 1
(14, 380, 1, 7): 1
(6, 14, 1, 1): 8
(6, 127, 1, 3): 1
(0, 127, 0, 2): 2
(3, 381, 2, 0): 1
(0, 382, 0, 0): 3
(31, 382, 3, 0): 1
(3, 382, 2, 2): 1
(0, 383, 0, 0): 1
(383, 384, 2, 0): 1
(0, 383, 0, 6): 1
(22, 383, 1, 15): 1
(0, 383, 0, 18): 1
(3, 385, 2, 2): 1
(9, 21, 1, 0): 4
(2, 386, 1, 7): 1
(16, 386, 0, 13): 1
(3, 386, 2, 19): 1
(3, 386, 2, 26): 1
(3, 386, 2, 30): 1
(3, 386, 2, 34): 1
(3, 386, 2, 38): 1
(29, 387, 0, 0): 1
(0, 387, 0, 2): 1
(46, 387, 1, 8): 1
(21, 46, 0, 1): 4
(0, 387, 0, 13): 1
(14, 387, 1, 14): 1
(0, 387, 0, 16): 1
(31, 93, 3, 0): 2
(0, 93, 0, 3): 7
(31, 388, 0, 2): 1
(105, 388, 0, 9): 1
(0, 389, 0, 0): 1
(181, 389, 2, 0): 1
(3, 181, 2, 5): 1
(89, 105, 3, 1): 1
(89, 390, 3, 2): 1
(20, 390, 8, 10): 1
(55, 391, 2, 4): 1
(9, 162, 1, 1): 2
(22, 162, 1, 1): 2
(16, 162, 0, 0): 2
(16, 340, 0, 2): 1
(3, 340, 2, 2): 1
(3, 340, 2, 8): 1
(0, 392, 0, 0): 1
(3, 392, 2, 8): 1
(81, 393, 0, 0): 1
(0, 393, 0, 2): 1
(81, 393, 0, 4): 1
(393, 394, 6, 0): 1
(3, 394, 2, 3): 3
(9, 395, 1, 0): 1
(11, 395, 0, 2): 1
(62, 395, 0, 4): 1
(217, 395, 1, 6): 1
(8, 395, 0, 7): 1
(31, 396, 3, 4): 1
(26, 396, 6, 6): 1
(0, 26, 0, 10): 1
(15, 396, 7, 8): 1
(0, 15, 0, 11): 1
(3, 397, 2, 2): 1
(31, 397, 3, 6): 1
(3, 397, 2, 8): 1
(14, 398, 1, 2): 1
(22, 398, 1, 4): 1
(61, 398, 1, 12): 1
(61, 399, 4, 2): 1
(399, 400, 4, 3): 1
(0, 400, 0, 13): 2
(22, 398, 1, 13): 1
(0, 398, 0, 14): 1
(22, 398, 1, 0): 1
(0, 398, 0, 3): 1
(14, 401, 1, 0): 1
(3, 192, 2, 8): 1
(11, 16, 0, 0): 2
(42, 207, 0, 3): 1
(21, 402, 0, 3): 1
(29, 403, 0, 0): 1
(403, 404, 6, 1): 1
(21, 404, 0, 1): 1
(3, 405, 2, 0): 10
(0, 405, 0, 0): 6
(0, 406, 0, 0): 1
(40, 406, 5, 5): 1
(40, 42, 8, 0): 4
(42, 407, 0, 0): 1
(8, 407, 0, 8): 1
(256, 407, 0, 11): 1
(0, 25, 0, 3): 3
(3, 25, 2, 0): 2
(3, 408, 2, 0): 1
(3, 408, 2, 6): 1
(3, 409, 2, 1): 2
(29, 64, 0, 3): 1
(64, 410, 0, 3): 1
(22, 410, 1, 4): 1
(29, 410, 0, 5): 1
(29, 411, 0, 0): 1
(22, 411, 1, 6): 1
(382, 411, 0, 7): 1
(0, 382, 0, 2): 1
(0, 411, 0, 12): 1
(3, 410, 2, 0): 2
(29, 410, 0, 1): 1
(3, 40, 2, 8): 2
(3, 412, 2, 4): 1
(22, 412, 1, 7): 1
(2, 412, 2, 8): 1
(184, 413, 0, 10): 1
(2, 414, 2, 0): 1
(0, 414, 0, 4): 1
(0, 414, 0, 6): 1
(414, 415, 9, 3): 1
(20, 34, 8, 0): 1
(2, 416, 2, 0): 1
(20, 416, 8, 12): 1
(21, 101, 0, 4): 1
(2, 101, 2, 8): 1
(2, 333, 1, 0): 1
(9, 194, 1, 0): 1
(31, 194, 0, 0): 1
(3, 211, 2, 0): 2
(3, 133, 2, 7): 2
(22, 417, 1, 0): 2
(40, 417, 5, 0): 1
(69, 418, 1, 0): 2
(42, 418, 0, 1): 2
(21, 418, 0, 5): 1
(44, 347, 0, 5): 1
(347, 419, 1, 3): 1
(3, 419, 2, 3): 3
(2, 419, 1, 0): 1
(22, 419, 1, 0): 10
(2, 420, 1, 0): 2
(0, 420, 0, 2): 3
(119, 420, 3, 3): 1
(62, 119, 0, 0): 1
(44, 284, 0, 4): 1
(9, 170, 1, 1): 1
(170, 421, 1, 0): 1
(22, 421, 1, 2): 1
(0, 421, 0, 8): 1
(69, 421, 0, 10): 1
(2, 422, 2, 0): 1
(42, 423, 0, 0): 1
(3, 424, 2, 2): 1
(3, 424, 2, 3): 1
(22, 424, 1, 3): 1
(22, 424, 1, 2): 2
(3, 425, 2, 4): 1
(96, 425, 1, 4): 1
(0, 426, 0, 0): 1
(14, 426, 1, 5): 1
(3, 427, 2, 4): 1
(0, 427, 0, 8): 1
(3, 369, 2, 0): 1
(0, 369, 0, 6): 1
(0, 369, 0, 9): 1
(21, 428, 0, 2): 1
(42, 428, 0, 10): 1
(16, 53, 0, 1): 3
(16, 44, 0, 0): 4
(16, 53, 0, 0): 4
(0, 429, 0, 0): 2
(14, 429, 1, 2): 1
(19, 37, 1, 9): 4
(0, 429, 0, 3): 2
(14, 135, 1, 7): 1
(135, 430, 5, 3): 1
(0, 430, 0, 12): 1
(21, 135, 0, 3): 3
(21, 49, 0, 0): 6
(44, 431, 0, 10): 1
(38, 431, 4, 10): 1
(69, 432, 0, 0): 1
(0, 432, 0, 2): 1
(0, 432, 0, 4): 1
(3, 432, 2, 9): 1
(89, 167, 3, 0): 2
(2, 433, 1, 0): 1
(29, 434, 0, 0): 1
(0, 434, 0, 10): 1
(29, 434, 0, 11): 1
(3, 435, 2, 0): 1
(3, 435, 2, 14): 1
(37, 436, 9, 2): 1
(81, 436, 0, 8): 1
(31, 81, 0, 0): 3
(87, 437, 0, 0): 1
(3, 438, 2, 1): 1
(22, 438, 1, 1): 1
(69, 438, 1, 5): 1
(438, 439, 5, 0): 1
(29, 439, 0, 5): 1
(0, 439, 0, 6): 1
(22, 439, 1, 8): 1
(69, 439, 1, 8): 1
(69, 439, 0, 9): 1
(3, 439, 2, 10): 1
(3, 438, 2, 21): 1
(55, 133, 2, 7): 1
(170, 440, 1, 0): 2
(3, 440, 2, 4): 1
(3, 441, 2, 0): 1
(20, 441, 8, 0): 3
(0, 440, 0, 7): 2
(0, 440, 0, 12): 2
(125, 440, 0, 15): 1
(0, 440, 0, 16): 4
(0, 440, 0, 20): 2
(3, 442, 2, 0): 1
(14, 442, 1, 9): 1
(14, 31, 1, 0): 1
(16, 443, 0, 0): 1
(356, 443, 1, 9): 1
(14, 133, 1, 7): 1
(0, 443, 0, 12): 2
(0, 443, 0, 16): 2
(31, 49, 3, 0): 2
(14, 444, 1, 0): 1
(444, 445, 8, 1): 1
(20, 445, 8, 2): 2
(14, 446, 1, 0): 1
(20, 446, 8, 1): 1
(27, 446, 0, 4): 1
(3, 446, 2, 10): 1
(3, 127, 2, 0): 1
(2, 11, 1, 0): 1
(3, 127, 2, 3): 3
(8, 16, 0, 0): 6
(42, 447, 0, 2): 1
(40, 447, 8, 10): 1
(0, 40, 0, 5): 2
(3, 448, 2, 1): 2
(16, 448, 0, 1): 1
(16, 93, 0, 3): 1
(93, 449, 0, 6): 1
(14, 450, 1, 0): 1
(450, 451, 0, 0): 1
(0, 451, 0, 2): 1
(96, 181, 1, 5): 1
(29, 424, 0, 3): 3
(424, 452, 3, 0): 1
(424, 452, 3, 4): 1
(29, 424, 0, 2): 5
(22, 452, 1, 5): 1
(0, 452, 0, 12): 1
(29, 58, 0, 3): 3
(8, 58, 0, 0): 2
(16, 58, 0, 1): 2
(16, 165, 0, 0): 1
(21, 365, 0, 0): 2
(20, 165, 8, 2): 2
(29, 453, 0, 1): 1
(71, 453, 0, 6): 1
(20, 453, 8, 9): 1
(16, 345, 0, 2): 1
(55, 345, 2, 1): 1
(42, 55, 0, 2): 1
(49, 454, 0, 0): 1
(46, 454, 1, 6): 1
(22, 454, 1, 10): 1
(3, 455, 2, 4): 1
(0, 456, 0, 0): 1
(194, 456, 0, 11): 1
(3, 457, 2, 0): 1
(34, 456, 0, 16): 1
(0, 456, 0, 6): 1
(0, 458, 0, 0): 2
(38, 459, 4, 3): 1
(3, 459, 2, 8): 1
(167, 179, 0, 1): 1
(3, 459, 2, 12): 1
(6, 8, 1, 0): 6
(21, 460, 0, 0): 1
(19, 460, 1, 5): 1
(20, 460, 8, 5): 1
(53, 461, 1, 0): 1
(42, 461, 0, 5): 1
(40, 462, 5, 0): 1
(67, 461, 11, 10): 1
(14, 143, 1, 1): 2
(248, 463, 3, 2): 1
(20, 463, 8, 5): 1
(42, 463, 0, 10): 1
(31, 89, 0, 3): 4
(105, 464, 0, 0): 1
(89, 464, 3, 4): 1
(3, 465, 2, 2): 1
(2, 465, 1, 2): 1
(2, 466, 2, 0): 1
(3, 467, 2, 0): 1
(0, 467, 0, 0): 1
(0, 467, 0, 4): 1
(16, 467, 0, 8): 1
(0, 468, 0, 0): 1
(468, 469, 2, 0): 1
(469, 470, 0, 0): 1
(3, 469, 2, 7): 1
(42, 468, 0, 8): 1
(40, 89, 5, 3): 2
(89, 471, 3, 0): 1
(44, 58, 0, 1): 2
(44, 177, 0, 6): 1
(27, 58, 0, 3): 2
(2, 58, 2, 1): 3
(3, 472, 2, 0): 1
(0, 472, 0, 2): 1
(0, 472, 0, 4): 1
(0, 58, 0, 0): 3
(16, 177, 0, 6): 1
(21, 473, 0, 1): 1
(20, 473, 8, 1): 1
(219, 473, 0, 4): 1
(9, 219, 1, 0): 2
(2, 143, 2, 1): 2
(2, 474, 1, 3): 1
(42, 474, 0, 10): 1
(3, 475, 2, 0): 1
(151, 475, 0, 1): 1
(3, 151, 2, 3): 2
(3, 475, 2, 7): 1
(3, 475, 2, 8): 1
(3, 475, 2, 16): 1
(0, 476, 0, 0): 1
(31, 476, 0, 4): 1
(6, 476, 1, 7): 1
(69, 477, 0, 0): 1
(69, 477, 0, 2): 1
(0, 477, 0, 5): 2
(0, 477, 0, 6): 1
(69, 477, 0, 7): 1
(69, 477, 0, 8): 1
(0, 477, 0, 10): 1
(22, 477, 1, 10): 1
(69, 477, 0, 11): 1
(31, 93, 0, 0): 1
(29, 478, 0, 1): 1
(3, 478, 2, 4): 1
(14, 255, 1, 2): 1
(255, 479, 5, 3): 1
(479, 480, 8, 0): 1
(16, 480, 0, 1): 2
(27, 479, 0, 10): 1
(105, 479, 0, 11): 1
(22, 105, 1, 1): 2
(2, 37, 2, 9): 2
(16, 37, 0, 2): 3
(16, 274, 0, 4): 1
(55, 481, 2, 0): 1
(3, 482, 2, 2): 2
(2, 483, 1, 3): 2
(29, 483, 0, 8): 2
(29, 484, 0, 1): 1
(31, 484, 0, 1): 1
(31, 46, 6, 1): 1
(46, 62, 1, 0): 1
(55, 143, 2, 1): 1
(16, 485, 0, 0): 1
(3, 486, 2, 10): 1
(0, 486, 0, 5): 1
(3, 487, 2, 2): 1
(4, 487, 0, 5): 1
(4, 133, 0, 7): 1
(14, 54, 1, 2): 1
(2, 488, 1, 9): 1
(9, 488, 1, 14): 1
(22, 488, 1, 21): 1
(3, 488, 2, 26): 1
(3, 488, 2, 30): 1
(22, 488, 1, 36): 1
(16, 488, 0, 41): 1
(3, 489, 2, 0): 3
(0, 490, 0, 3): 1
(55, 490, 2, 10): 1
(55, 491, 2, 1): 1
(8, 491, 0, 4): 2
(0, 491, 0, 9): 1
(8, 490, 0, 1): 2
(2, 492, 2, 2): 1
(0, 492, 0, 7): 2
(2, 492, 1, 8): 1
(3, 492, 2, 12): 1
(3, 492, 2, 16): 1
(3, 492, 2, 20): 1
(3, 492, 2, 24): 1
(3, 493, 2, 2): 1
(44, 494, 0, 0): 1
(42, 494, 0, 6): 1
(494, 495, 8, 6): 1
(2, 496, 2, 0): 1
(3, 291, 2, 4): 1
(3, 497, 2, 3): 1
(27, 498, 0, 0): 1
(179, 498, 1, 1): 1
(71, 498, 0, 12): 1
(69, 499, 0, 0): 2
(22, 499, 1, 5): 2
(22, 499, 1, 6): 2
(29, 480, 0, 0): 1
(38, 480, 4, 1): 1
(29, 480, 0, 1): 3
(29, 142, 0, 2): 1
(31, 51, 3, 0): 2
(31, 135, 6, 5): 1
(135, 235, 7, 0): 1
(20, 235, 8, 3): 1
(16, 501, 0, 0): 1
(0, 501, 0, 3): 1
(31, 501, 0, 6): 1
(3, 501, 2, 7): 1
(3, 502, 2, 0): 2
(34, 502, 0, 7): 1
(3, 503, 2, 1): 1
(2, 29, 1, 0): 1
(3, 84, 2, 7): 2
(65, 84, 0, 3): 1
(65, 505, 0, 0): 1
(29, 506, 0, 1): 1
(3, 506, 2, 3): 1
(3, 507, 2, 1): 1
(3, 507, 2, 4): 1
(3, 27, 2, 0): 4
(73, 506, 5, 9): 1
(58, 62, 3, 0): 1
(3, 58, 2, 0): 2
(3, 508, 2, 1): 1
(3, 508, 2, 5): 1
(16, 509, 0, 1): 1
(3, 509, 2, 6): 1
(53, 509, 1, 15): 1
(3, 53, 2, 0): 21
(3, 71, 2, 0): 4
(3, 509, 2, 19): 1
(3, 509, 2, 23): 1
(18, 74, 2, 0): 1
(74, 424, 0, 3): 1
(424, 510, 3, 6): 1
(3, 511, 2, 8): 1
(8, 424, 0, 2): 3
(0, 512, 0, 1): 1
(20, 512, 8, 3): 1
(3, 512, 2, 6): 1
(33, 183, 3, 0): 1
(31, 183, 6, 4): 1
(2, 15, 2, 7): 2
(18, 513, 2, 0): 1
(119, 513, 0, 9): 1
(23, 119, 3, 3): 1
(20, 23, 8, 0): 1
(23, 62, 4, 0): 1
(22, 513, 1, 16): 1
(62, 514, 0, 0): 1
(27, 514, 0, 1): 1
(22, 514, 1, 2): 1
(20, 514, 8, 3): 1
(20, 514, 8, 6): 1
(42, 515, 0, 4): 1
(69, 516, 1, 0): 1
(0, 516, 0, 1): 2
(42, 516, 0, 3): 1
(81, 81, 0, 0): 2
(55, 81, 2, 0): 1
(3, 252, 2, 0): 2
(16, 39, 0, 4): 1
(16, 47, 0, 0): 1
(3, 47, 2, 4): 1
(0, 84, 0, 3): 3
(14, 84, 1, 7): 1
(14, 517, 1, 0): 1
(3, 517, 2, 0): 1
(47, 58, 0, 3): 1
(47, 81, 0, 0): 3
(18, 47, 2, 4): 1
(69, 518, 1, 0): 1
(0, 518, 0, 4): 1
(151, 518, 0, 8): 1
(3, 519, 2, 0): 1
(3, 519, 2, 5): 1
(14, 519, 1, 8): 1
(22, 513, 1, 9): 1
(20, 513, 8, 0): 1
(21, 513, 0, 16): 1
(3, 217, 2, 1): 7
(16, 105, 0, 0): 1
(16, 49, 0, 0): 2
(20, 47, 8, 0): 1
(20, 47, 8, 4): 1
(31, 81, 6, 0): 2
(81, 95, 0, 4): 1
(16, 520, 0, 0): 1
(31, 520, 0, 3): 1
(19, 31, 1, 3): 1
(181, 520, 2, 8): 1
(25, 181, 0, 5): 1
(2, 521, 1, 0): 1
(58, 522, 3, 0): 1
(44, 523, 0, 1): 1
(49, 523, 0, 1): 1
(96, 161, 1, 1): 1
(161, 524, 1, 0): 1
(0, 524, 0, 4): 1
(0, 525, 0, 1): 1
(525, 526, 1, 2): 1
(3, 526, 2, 2): 1
(21, 527, 0, 0): 1
(3, 527, 2, 3): 1
(21, 527, 0, 5): 1
(16, 87, 0, 0): 1
(22, 87, 1, 0): 1
(55, 528, 2, 2): 1
(89, 528, 3, 2): 1
(3, 529, 2, 3): 1
(14, 154, 1, 0): 1
(154, 294, 2, 9): 1
(21, 154, 0, 0): 2
(16, 31, 0, 6): 1
(69, 530, 1, 0): 1
(29, 530, 0, 15): 1
(0, 530, 0, 16): 1
(42, 105, 0, 1): 1
(2, 105, 1, 1): 1
(2, 111, 2, 1): 1
(49, 105, 0, 0): 1
(62, 531, 0, 0): 1
(81, 531, 0, 2): 1
(6, 532, 1, 2): 1
(42, 532, 0, 8): 1
(42, 533, 0, 0): 1
(3, 220, 2, 0): 1
(34, 220, 0, 3): 1
(0, 219, 0, 0): 6
(29, 149, 0, 3): 1
(2, 40, 1, 8): 1
(8, 40, 0, 5): 1
(0, 535, 0, 0): 1
(68, 535, 12, 5): 1
(162, 535, 0, 16): 1
(0, 363, 0, 2): 1
(44, 363, 0, 5): 1
(3, 363, 2, 6): 1
(3, 536, 2, 0): 1
(21, 536, 0, 6): 1
(16, 537, 0, 1): 1
(34, 537, 0, 5): 1
(0, 537, 0, 8): 1
(0, 537, 0, 11): 1
(3, 538, 2, 0): 2
(3, 539, 2, 11): 1
(3, 179, 2, 1): 3
(69, 540, 1, 0): 1
(31, 69, 3, 1): 1
(3, 541, 2, 4): 1
(21, 194, 0, 0): 2
(34, 194, 0, 0): 1
(29, 350, 0, 1): 1
(22, 350, 1, 1): 2
(14, 350, 1, 0): 1
(29, 350, 0, 0): 1
(0, 542, 0, 0): 1
(18, 542, 2, 4): 1
(219, 542, 0, 7): 1
(49, 219, 0, 0): 1
(0, 404, 0, 1): 1
(69, 404, 0, 1): 1
(69, 543, 1, 0): 1
(29, 543, 0, 8): 1
(42, 480, 0, 1): 1
(8, 480, 0, 0): 1
(2, 544, 2, 2): 1
(0, 544, 0, 11): 1
(16, 544, 0, 7): 1
(16, 419, 0, 3): 1
(29, 419, 0, 3): 2
(419, 545, 3, 0): 1
(0, 544, 0, 5): 1
(21, 546, 0, 0): 1
(16, 546, 0, 4): 1
(22, 546, 1, 11): 1
(31, 547, 3, 2): 1
(47, 523, 4, 1): 1
(27, 523, 0, 1): 1
(69, 548, 1, 0): 1
(0, 548, 0, 0): 1
(22, 548, 1, 3): 1
(3, 548, 2, 11): 1
(3, 51, 2, 0): 1
(14, 548, 1, 15): 1
(14, 549, 1, 5): 1
(29, 549, 0, 9): 1
(29, 549, 0, 10): 1
(29, 549, 0, 0): 1
(2, 550, 2, 3): 1
(67, 550, 11, 11): 1
(69, 551, 1, 6): 1
(0, 551, 0, 7): 2
(0, 551, 0, 8): 4
(6, 551, 1, 1): 1
(6, 96, 1, 1): 1
(3, 552, 2, 2): 2
(21, 552, 0, 10): 1
(16, 38, 0, 1): 1
(21, 38, 0, 4): 3
(69, 71, 1, 0): 1
(105, 130, 1, 5): 1
(0, 105, 0, 0): 1
(29, 553, 0, 0): 1
(29, 553, 0, 5): 1
(3, 553, 2, 6): 1
(31, 44, 6, 0): 1
(20, 37, 8, 9): 1
(44, 162, 0, 0): 1
(4, 162, 0, 1): 1
(2, 554, 2, 0): 1
(8, 554, 0, 8): 1
(3, 554, 2, 14): 1
(2, 23, 2, 4): 2
(3, 23, 2, 0): 2
(2, 23, 2, 3): 1
(16, 555, 0, 1): 1
(27, 555, 0, 3): 1
(44, 555, 0, 5): 1
(44, 58, 0, 0): 1
(3, 64, 2, 3): 3
(3, 556, 2, 1): 1
(29, 556, 0, 8): 1
(21, 557, 0, 0): 1
(58, 557, 3, 0): 1
(58, 345, 1, 1): 1
(34, 345, 0, 2): 2
(22, 58, 1, 0): 4
(103, 558, 7, 4): 1
(139, 558, 0, 7): 1
(139, 149, 0, 3): 1
(65, 81, 0, 0): 2
(2, 65, 1, 0): 1
(2, 73, 2, 5): 1
(34, 559, 0, 0): 1
(559, 560, 5, 1): 1
(2, 560, 1, 4): 1
(9, 560, 1, 7): 1
(81, 561, 0, 0): 1
(20, 561, 8, 2): 1
(21, 561, 0, 3): 1
(29, 63, 0, 6): 2
(2, 63, 1, 1): 1
(2, 562, 2, 1): 1
(81, 562, 0, 3): 1
(27, 562, 0, 6): 1
(0, 563, 0, 0): 3
(35, 563, 8, 6): 1
(0, 563, 0, 9): 2
(3, 563, 2, 12): 1
(3, 564, 2, 2): 1
(27, 564, 0, 5): 1
(0, 565, 0, 0): 2
(0, 565, 0, 1): 2
(0, 565, 0, 4): 1
(18, 565, 2, 6): 2
(0, 565, 0, 9): 3
(3, 565, 2, 9): 1
(2, 248, 1, 3): 1
(3, 495, 2, 6): 2
(42, 566, 0, 2): 1
(27, 566, 0, 4): 1
(31, 566, 3, 5): 1
(20, 566, 8, 6): 1
(31, 55, 0, 2): 1
(31, 567, 3, 0): 1
(0, 568, 0, 0): 2
(3, 568, 2, 11): 1
(21, 568, 0, 13): 1
(31, 62, 0, 0): 1
(3, 569, 2, 0): 2
(96, 570, 1, 0): 1
(29, 570, 0, 8): 1
(31, 40, 0, 5): 1
(3, 571, 2, 9): 1
(58, 69, 3, 1): 1
(14, 572, 1, 1): 1
(0, 572, 0, 3): 2
(3, 572, 2, 4): 1
(3, 148, 2, 1): 2
(0, 572, 0, 5): 2
(379, 573, 0, 4): 1
(38, 573, 4, 6): 1
(3, 574, 2, 0): 1
(3, 574, 2, 3): 1
(2, 105, 1, 0): 2
(0, 105, 0, 1): 6
(31, 575, 0, 1): 2
(53, 576, 1, 3): 1
(6, 576, 1, 11): 1
(16, 102, 0, 4): 1
(40, 44, 8, 0): 1
(9, 577, 1, 0): 1
(99, 577, 0, 5): 1
(51, 577, 0, 11): 1
(3, 578, 2, 0): 1
(29, 578, 0, 5): 1
(29, 579, 0, 0): 1
(0, 579, 0, 1): 1
(29, 579, 0, 2): 1
(29, 580, 0, 3): 1
(0, 580, 0, 5): 1
(29, 580, 0, 5): 1
(22, 580, 1, 8): 1
(0, 580, 0, 9): 1
(0, 579, 0, 3): 1
(3, 579, 2, 7): 1
(0, 579, 0, 8): 1
(22, 579, 1, 8): 1
(22, 579, 1, 9): 1
(0, 579, 0, 10): 1
(0, 579, 0, 11): 1
(0, 579, 0, 13): 1
(0, 579, 0, 15): 1
(22, 579, 1, 15): 1
(0, 578, 0, 7): 1
(0, 581, 0, 0): 1
(0, 581, 0, 8): 1
(81, 581, 0, 7): 1
(18, 31, 2, 3): 3
(0, 582, 0, 1): 2
(3, 582, 2, 7): 1
(49, 62, 0, 0): 1
(20, 62, 8, 0): 5
(0, 38, 0, 1): 2
(3, 583, 2, 0): 1
(14, 583, 1, 9): 1
(14, 35, 1, 8): 3
(9, 31, 1, 0): 1
(31, 53, 3, 0): 2
(21, 67, 0, 11): 1
(93, 584, 0, 0): 1
(8, 584, 0, 0): 5
(81, 585, 0, 1): 1
(20, 585, 8, 3): 1
(4, 585, 0, 5): 1
(3, 274, 2, 4): 1
(2, 135, 2, 7): 1
(15, 586, 11, 1): 1
(21, 586, 0, 5): 1
(21, 258, 0, 6): 1
(15, 258, 11, 0): 1
(2, 419, 2, 3): 2
(94, 419, 1, 3): 1
(18, 94, 2, 5): 1
(37, 587, 9, 2): 1
(6, 587, 1, 2): 1
(2, 588, 1, 0): 1
(0, 588, 0, 3): 1
(0, 588, 0, 7): 1
(0, 588, 0, 15): 1
(9, 588, 1, 15): 1
(0, 588, 0, 18): 1
(0, 588, 0, 21): 1
(0, 588, 0, 22): 2
(3, 589, 2, 2): 1
(3, 589, 2, 6): 1
(3, 590, 2, 0): 1
(590, 591, 1, 3): 1
(42, 591, 0, 2): 1
(0, 591, 0, 7): 2
(16, 99, 0, 0): 3
(34, 53, 0, 0): 1
(53, 592, 1, 3): 1
(22, 592, 1, 6): 1
(0, 592, 0, 12): 1
(42, 593, 0, 1): 3
(42, 593, 0, 5): 1
(9, 34, 1, 0): 2
(42, 594, 0, 0): 1
(18, 594, 2, 1): 1
(27, 594, 0, 13): 1
(29, 595, 0, 0): 1
(0, 595, 0, 8): 1
(31, 46, 0, 1): 1
(46, 127, 1, 2): 1
(62, 127, 0, 0): 1
(29, 596, 0, 0): 2
(53, 596, 0, 5): 1
(20, 179, 8, 1): 1
(38, 597, 4, 2): 1
(38, 597, 4, 7): 1
(14, 598, 1, 0): 1
(3, 598, 2, 0): 1
(0, 598, 0, 9): 1
(3, 599, 2, 0): 1
(0, 599, 0, 7): 1
(599, 600, 7, 3): 1
(20, 600, 8, 7): 1
(29, 601, 0, 0): 1
(42, 601, 0, 6): 1
(0, 156, 0, 0): 2
(29, 601, 0, 10): 1
(42, 205, 0, 4): 1
(20, 205, 8, 4): 1
(21, 602, 0, 1): 1
(21, 560, 0, 4): 1
(2, 560, 2, 1): 1
(22, 560, 1, 7): 1
(0, 238, 0, 4): 1
(238, 603, 4, 0): 1
(20, 603, 8, 4): 1
(3, 346, 2, 1): 1
(3, 604, 2, 0): 1
(29, 604, 0, 8): 1
(3, 23, 2, 4): 1
(4, 16, 0, 0): 1
(4, 424, 0, 2): 1
(27, 424, 0, 3): 2
(42, 424, 0, 3): 1
(42, 605, 0, 2): 1
(11, 605, 0, 7): 1
(29, 606, 0, 0): 1
(20, 606, 8, 8): 1
(34, 607, 0, 1): 1
(3, 607, 2, 4): 1
(21, 608, 0, 0): 1
(49, 608, 0, 1): 1
(18, 608, 2, 2): 1
(3, 609, 2, 4): 1
(31, 93, 3, 3): 1
(12, 183, 4, 4): 1
(21, 93, 0, 0): 2
(16, 610, 0, 0): 1
(495, 610, 6, 3): 1
(4, 610, 0, 9): 1
(69, 611, 1, 0): 1
(0, 611, 0, 0): 1
(0, 611, 0, 4): 1
(16, 611, 0, 8): 1
(2, 611, 1, 9): 1
(21, 179, 0, 1): 3
(6, 52, 1, 2): 1
(27, 52, 0, 3): 1
(52, 345, 4, 1): 1
(345, 612, 2, 2): 2
(1, 3, 2, 2): 1
(81, 613, 0, 0): 1
(18, 613, 2, 2): 1
(62, 613, 0, 10): 1
(2, 20, 1, 8): 1
(34, 614, 0, 1): 1
(6, 614, 1, 3): 1
(34, 615, 0, 0): 1
(69, 615, 0, 2): 1
(55, 69, 2, 1): 1
(2, 2, 1, 1): 3
(2, 616, 2, 7): 1
(3, 596, 2, 5): 1
(62, 596, 0, 0): 1
(21, 617, 0, 2): 1
(89, 617, 3, 5): 1
(29, 618, 0, 0): 1
(21, 606, 0, 8): 1
(42, 606, 0, 0): 1
(3, 619, 2, 0): 1
(21, 619, 0, 4): 1
(3, 620, 2, 1): 2
(3, 620, 2, 5): 1
(3, 621, 2, 1): 1
(21, 621, 0, 4): 1
(2, 61, 1, 4): 2
(20, 61, 8, 1): 1
(42, 622, 0, 0): 1
(51, 622, 0, 1): 1
(21, 622, 0, 7): 1
(2, 623, 2, 0): 1
(29, 162, 0, 1): 1
(2, 162, 2, 1): 3
(58, 576, 0, 11): 1
(81, 576, 0, 3): 1
(2, 596, 1, 5): 1
(27, 596, 0, 0): 1
(0, 624, 0, 0): 1
(16, 624, 0, 2): 1
(2, 624, 1, 7): 1
(2, 67, 2, 11): 1
(3, 624, 2, 12): 1
(0, 394, 0, 3): 1
(21, 394, 0, 0): 1
(21, 625, 0, 0): 1
(22, 625, 1, 12): 1
(21, 625, 0, 10): 1
(4, 626, 0, 0): 1
(21, 626, 0, 1): 1
(69, 626, 1, 7): 1
(62, 69, 0, 0): 1
(6, 626, 1, 9): 1
(2, 121, 1, 10): 1
(2, 627, 2, 6): 1
(627, 628, 13, 1): 1
(31, 629, 3, 0): 2
(3, 630, 2, 0): 2
(25, 96, 0, 1): 1
(16, 631, 0, 0): 2
(3, 631, 2, 1): 1
(22, 53, 1, 0): 1
(3, 632, 2, 0): 1
(14, 632, 1, 0): 3
(0, 633, 0, 0): 1
(22, 633, 1, 7): 1
(3, 633, 2, 15): 1
(22, 633, 1, 16): 1
(53, 71, 1, 0): 1
(3, 103, 2, 11): 3
(103, 256, 7, 0): 1
(22, 634, 1, 1): 1
(20, 634, 8, 3): 1
(42, 634, 0, 1): 1
(42, 67, 0, 11): 2
(2, 635, 2, 2): 1
(69, 635, 0, 7): 1
(37, 69, 2, 1): 1
(20, 635, 8, 2): 1
(3, 636, 2, 1): 2
(0, 46, 0, 1): 1
(46, 637, 1, 0): 1
(3, 637, 2, 12): 1
(14, 638, 1, 0): 1
(8, 638, 0, 4): 1
(62, 638, 0, 10): 1
(21, 53, 0, 1): 1
(31, 34, 3, 0): 1
(31, 118, 0, 1): 1
(18, 118, 2, 5): 1
(16, 640, 0, 0): 1
(3, 639, 2, 2): 1
(69, 640, 0, 9): 1
(42, 641, 0, 2): 1
(96, 641, 1, 2): 1
(0, 640, 0, 12): 1
(0, 640, 0, 16): 1
(42, 209, 0, 1): 1
(42, 209, 0, 3): 2
(31, 642, 3, 3): 1
(3, 642, 2, 5): 1
(3, 643, 2, 0): 1
(18, 643, 2, 0): 1
(2, 58, 2, 3): 1
(2, 644, 1, 0): 2
(14, 219, 1, 0): 1
(14, 645, 1, 2): 1
(3, 645, 2, 9): 1
(3, 646, 2, 7): 1
(21, 647, 0, 1): 1
(3, 647, 2, 4): 1
(0, 647, 0, 10): 1
(3, 648, 2, 0): 1
(3, 648, 2, 1): 1
(62, 649, 0, 0): 1
(67, 649, 11, 3): 1
(3, 648, 2, 5): 1
(14, 154, 1, 2): 1
(53, 154, 0, 0): 1
(53, 62, 1, 0): 1
(6, 650, 1, 2): 1
(379, 650, 0, 7): 1
(0, 651, 0, 0): 1
(0, 651, 0, 1): 1
(0, 651, 0, 5): 1
(22, 651, 1, 7): 1
(0, 651, 0, 11): 1
(3, 651, 2, 11): 1
(3, 652, 2, 0): 1
(29, 419, 0, 0): 1
(10, 89, 6, 3): 2
(29, 351, 0, 0): 1
(22, 351, 1, 7): 3
(3, 653, 2, 0): 1
(20, 653, 8, 0): 1
(21, 653, 0, 0): 2
(16, 655, 0, 0): 1
(3, 654, 2, 0): 1
(3, 654, 2, 3): 1
(0, 655, 0, 0): 1
(22, 655, 1, 9): 1
(0, 655, 0, 12): 1
(29, 656, 0, 2): 1
(21, 656, 0, 8): 1
(22, 657, 1, 8): 1
(16, 657, 0, 8): 1
(0, 657, 0, 11): 1
(22, 657, 1, 11): 1
(69, 657, 0, 14): 1
(21, 658, 0, 0): 1
(21, 658, 0, 6): 1
(21, 658, 0, 10): 1
(2, 660, 2, 1): 1
(58, 183, 3, 4): 1
(29, 319, 0, 5): 1
(3, 291, 2, 0): 3
(16, 291, 0, 4): 3
(21, 265, 0, 7): 1
(3, 314, 2, 1): 1
(21, 314, 0, 5): 1
(0, 314, 0, 0): 1
(55, 58, 2, 1): 1
(51, 58, 0, 3): 2
(0, 661, 0, 0): 1
(14, 661, 1, 9): 1
(14, 662, 1, 0): 1
(21, 480, 0, 1): 1
(44, 480, 0, 0): 1
(37, 663, 2, 3): 1
(37, 95, 9, 4): 1
(37, 69, 9, 1): 1
(14, 127, 1, 0): 1
(21, 127, 0, 2): 1
(38, 664, 4, 12): 1
(3, 38, 2, 1): 2
(34, 345, 0, 1): 2
(3, 345, 2, 2): 2
(18, 560, 2, 1): 1
(560, 665, 4, 0): 1
(31, 560, 3, 7): 1
(3, 666, 2, 2): 1
(27, 666, 0, 9): 1
(667, 668, 6, 2): 1
(3, 668, 2, 1): 2
(21, 669, 0, 5): 1
(9, 669, 1, 6): 1
(21, 669, 0, 11): 1
(3, 670, 2, 8): 1
(22, 670, 1, 9): 1
(62, 593, 0, 5): 1
(495, 593, 6, 1): 1
(18, 671, 2, 0): 1
(18, 671, 2, 2): 1
(99, 671, 0, 4): 1
(3, 672, 2, 20): 1
(3, 673, 2, 1): 1
(22, 673, 1, 2): 1
(55, 673, 2, 6): 1
(0, 37, 0, 9): 1
(37, 38, 2, 1): 1
(38, 674, 4, 6): 1
(16, 401, 0, 0): 1
(62, 291, 0, 0): 1
(6, 93, 1, 3): 1
(14, 384, 1, 0): 1
(0, 93, 0, 0): 3
(2, 54, 1, 2): 1
(31, 345, 3, 1): 1
(69, 379, 1, 0): 1
(62, 349, 0, 4): 1
(3, 349, 2, 6): 1
(29, 675, 0, 0): 1
(0, 675, 0, 4): 1
(2, 675, 1, 12): 1
(0, 675, 0, 15): 1
(29, 675, 0, 17): 1
(22, 675, 1, 18): 1
(0, 675, 0, 19): 1
(0, 675, 0, 21): 1
(485, 675, 0, 22): 1
(14, 676, 1, 4): 1
(20, 676, 8, 8): 1
(29, 248, 0, 3): 1
(40, 248, 5, 0): 1
(0, 677, 0, 0): 1
(105, 677, 0, 6): 1
(2, 161, 1, 1): 1
(42, 161, 0, 1): 1
(42, 678, 0, 0): 1
(20, 678, 8, 6): 1
(44, 161, 0, 1): 1
(0, 679, 0, 0): 1
(166, 679, 8, 0): 1
(2, 2, 2, 2): 1
(16, 71, 0, 0): 1
(16, 89, 0, 3): 2
(345, 680, 1, 0): 1
(27, 680, 0, 8): 1
(58, 69, 0, 0): 2
(2, 681, 1, 0): 1
(96, 681, 1, 3): 1
(16, 58, 0, 3): 1
(2, 319, 1, 5): 1
(9, 682, 1, 0): 1
(9, 682, 1, 5): 1
(14, 683, 1, 0): 1
(22, 683, 1, 2): 2
(0, 683, 0, 0): 1
(0, 684, 0, 0): 2
(0, 684, 0, 3): 2
(3, 684, 2, 7): 2
(3, 685, 2, 0): 1
(248, 685, 0, 2): 1
(64, 248, 3, 3): 1
(0, 685, 0, 4): 1
(21, 165, 0, 0): 1
(0, 686, 0, 1): 2
(55, 208, 2, 3): 1
(0, 687, 0, 0): 1
(29, 687, 0, 23): 1
(0, 687, 0, 29): 1
(0, 687, 0, 33): 1
(0, 687, 0, 35): 1
(31, 688, 0, 0): 1
(14, 689, 1, 0): 1
(689, 690, 8, 4): 1
(8, 690, 0, 2): 1
(2, 691, 2, 0): 1
(3, 691, 2, 7): 1
(3, 142, 2, 2): 1
(21, 692, 0, 0): 1
(2, 9, 2, 1): 1
(81, 133, 0, 7): 2
(0, 693, 0, 0): 1
(18, 248, 2, 3): 1
(248, 694, 0, 4): 1
(22, 694, 1, 13): 1
(2, 61, 2, 4): 1
(2, 167, 1, 0): 1
(51, 61, 0, 1): 1
(21, 695, 0, 3): 1
(3, 695, 2, 4): 1
(31, 695, 0, 4): 1
(21, 155, 0, 1): 1
(42, 155, 0, 3): 1
(42, 635, 0, 2): 2
(4, 635, 0, 7): 1
(22, 177, 1, 6): 1
(3, 696, 2, 0): 1
(2, 696, 1, 5): 1
(2, 697, 2, 0): 1
(29, 697, 0, 4): 1
(22, 697, 1, 7): 1
(0, 696, 0, 16): 1
(69, 696, 0, 15): 1
(424, 602, 2, 1): 1
(8, 424, 0, 3): 3
(424, 699, 3, 0): 1
(14, 699, 1, 5): 1
(3, 560, 2, 4): 1
(560, 575, 1, 1): 1
(0, 560, 0, 7): 2
(0, 424, 0, 2): 1
(31, 38, 3, 1): 2
(16, 700, 0, 0): 1
(0, 700, 0, 3): 1
(0, 700, 0, 8): 2
(0, 700, 0, 13): 1
(0, 700, 0, 17): 1
(3, 701, 2, 0): 1
(42, 701, 0, 4): 1
(42, 61, 0, 4): 3
(61, 130, 1, 1): 1
(130, 181, 4, 2): 1
(29, 130, 0, 5): 1
(67, 702, 11, 2): 1
(133, 702, 7, 3): 1
(0, 161, 0, 1): 1
(161, 703, 1, 1): 1
(4, 161, 0, 1): 2
(29, 704, 0, 0): 1
(704, 705, 2, 0): 1
(3, 706, 2, 2): 1
(54, 706, 2, 4): 1
(247, 706, 2, 4): 1
(0, 707, 0, 0): 1
(14, 707, 1, 8): 1
(69, 510, 1, 6): 1
(2, 708, 2, 2): 1
(0, 708, 0, 2): 1
(27, 708, 0, 2): 2
(3, 709, 2, 0): 1
(14, 709, 1, 6): 1
(14, 710, 1, 8): 1
(6, 291, 1, 4): 1
(0, 25, 0, 0): 1
(2, 711, 2, 0): 1
(0, 711, 0, 4): 1
(3, 712, 2, 0): 1
(69, 713, 1, 0): 1
(42, 713, 0, 1): 1
(20, 713, 8, 1): 1
(20, 713, 8, 0): 1
(3, 714, 2, 0): 1
(69, 714, 0, 0): 1
(69, 715, 1, 1): 1
(162, 715, 0, 1): 1
(0, 715, 0, 3): 2
(34, 81, 0, 0): 1
(37, 596, 2, 5): 1
(29, 280, 0, 7): 1
(142, 280, 2, 4): 1
(21, 716, 0, 0): 1
(20, 716, 8, 4): 1
(68, 716, 12, 4): 1
(3, 717, 2, 0): 2
(3, 717, 2, 4): 1
(6, 93, 1, 0): 5
(42, 326, 0, 0): 8
(31, 31, 0, 0): 1
(31, 628, 6, 1): 2
(38, 718, 4, 2): 1
(38, 71, 1, 0): 1
(68, 718, 12, 2): 1
(6, 156, 1, 0): 1
(156, 719, 0, 1): 1
(68, 719, 12, 1): 1
(68, 719, 12, 5): 1
(2, 720, 2, 2): 1
(21, 720, 0, 3): 1
(93, 720, 3, 8): 1
(3, 721, 2, 3): 1
(22, 721, 1, 5): 1
(11, 720, 0, 10): 1
(27, 722, 0, 4): 1
(20, 418, 8, 5): 1
(6, 19, 1, 1): 2
(42, 723, 0, 3): 1
(20, 723, 8, 5): 1
(0, 724, 0, 1): 1
(21, 724, 0, 3): 1
(21, 40, 0, 5): 1
(21, 40, 0, 8): 1
(21, 615, 0, 0): 1
(29, 615, 0, 2): 1
(183, 379, 0, 0): 1
(3, 183, 2, 4): 1
(9, 105, 1, 0): 1
(69, 170, 1, 1): 1
(3, 725, 2, 0): 1
(22, 725, 1, 0): 1
(183, 725, 4, 22): 1
(2, 50, 2, 7): 1
(42, 63, 0, 1): 1
(42, 726, 0, 2): 1
(6, 726, 1, 9): 1
(55, 58, 2, 3): 2
(34, 727, 0, 1): 1
(384, 727, 0, 6): 1
(2, 560, 2, 7): 1
(27, 560, 0, 4): 1
(29, 560, 0, 1): 1
(21, 119, 0, 3): 1
(14, 728, 1, 3): 1
(21, 728, 0, 5): 1
(0, 728, 0, 7): 1
(3, 728, 2, 7): 1
(27, 40, 0, 5): 1
(21, 353, 0, 0): 1
(0, 418, 0, 5): 1
(2, 418, 2, 0): 1
(6, 34, 1, 0): 1
(22, 418, 1, 1): 1
(2, 31, 2, 6): 2
(18, 21, 2, 0): 2
(21, 729, 0, 0): 2
(718, 729, 2, 0): 2
(31, 730, 6, 2): 1
(8, 730, 0, 10): 1
(69, 730, 1, 13): 1
(3, 731, 2, 3): 1
(3, 253, 2, 0): 1
(1, 38, 2, 4): 1
(62, 93, 0, 3): 1
(2, 732, 1, 0): 1
(19, 732, 1, 7): 1
(9, 733, 1, 0): 1
(42, 733, 0, 4): 1
(68, 733, 12, 7): 1
(38, 616, 1, 7): 1
(44, 294, 0, 9): 1
(6, 55, 1, 2): 1
(3, 734, 2, 0): 1
(0, 734, 0, 3): 1
(69, 735, 1, 0): 1
(2, 735, 1, 0): 1
(2, 148, 2, 1): 1
(69, 735, 1, 3): 1
(0, 735, 0, 3): 1
(2, 42, 1, 0): 3
(42, 736, 0, 0): 1
(29, 737, 0, 0): 2
(29, 737, 0, 5): 2
(8, 737, 0, 10): 2
(61, 69, 1, 1): 1
(42, 718, 0, 2): 1
(27, 718, 0, 2): 1
(21, 738, 0, 0): 1
(27, 738, 0, 4): 1
(27, 738, 0, 5): 1
(14, 88, 1, 4): 1
(14, 251, 1, 0): 1
(69, 739, 1, 0): 1
(0, 739, 0, 1): 1
(3, 739, 2, 3): 1
(22, 739, 1, 5): 1
(29, 739, 0, 5): 1
(34, 739, 0, 6): 1
(9, 55, 1, 2): 2
(3, 740, 2, 0): 1
(2, 740, 2, 5): 1
(21, 547, 0, 2): 1
(3, 741, 2, 0): 1
(31, 741, 3, 5): 1
(68, 69, 12, 1): 1
(49, 741, 0, 8): 1
(18, 741, 2, 9): 1
(170, 742, 1, 0): 1
(3, 742, 2, 3): 1
(0, 742, 0, 6): 1
(0, 742, 0, 11): 1
(21, 742, 0, 14): 1
(0, 742, 0, 15): 2
(0, 742, 0, 19): 1
(2, 743, 2, 0): 1
(2, 743, 1, 11): 1
(21, 744, 0, 0): 1
(21, 64, 0, 3): 1
(14, 745, 1, 5): 1
(22, 745, 1, 13): 1
(22, 745, 1, 10): 1
(27, 208, 0, 3): 1
(2, 208, 2, 4): 1
(96, 231, 1, 1): 1
(2, 584, 2, 0): 3
(51, 584, 0, 0): 3
(2, 584, 1, 0): 1
(99, 584, 0, 0): 3
(9, 584, 1, 0): 1
(53, 584, 0, 0): 1
(0, 53, 0, 1): 1
(42, 219, 0, 0): 1
(42, 329, 0, 10): 1
(105, 329, 0, 2): 1
(34, 57, 0, 4): 1
(57, 746, 0, 2): 1
(167, 746, 0, 6): 1
(6, 164, 1, 5): 1
(2, 747, 1, 3): 1
(29, 748, 0, 0): 1
(0, 748, 0, 6): 1
(29, 748, 0, 8): 1
(319, 749, 5, 10): 1
(4, 37, 0, 2): 2
(14, 505, 1, 0): 1
(0, 750, 0, 0): 1
(0, 750, 0, 5): 1
(3, 750, 2, 10): 2
(0, 750, 0, 13): 1
(3, 751, 2, 0): 1
(81, 751, 0, 3): 1
(3, 752, 2, 1): 1
(84, 752, 7, 1): 1
(23, 69, 4, 1): 1
(14, 753, 1, 8): 1
(14, 754, 1, 0): 1
(20, 754, 8, 5): 2
(107, 754, 0, 8): 1
(2, 484, 2, 1): 1
(68, 484, 12, 1): 1
(34, 49, 0, 0): 1
(3, 755, 2, 0): 1
(755, 756, 5, 6): 1
(14, 37, 1, 9): 1
(4, 308, 0, 4): 1
(14, 757, 1, 0): 1
(3, 235, 2, 3): 1
(235, 758, 0, 7): 1
(12, 758, 4, 15): 1
(14, 14, 1, 1): 1
(14, 759, 1, 0): 2
(69, 759, 1, 5): 1
(0, 760, 0, 0): 1
(237, 760, 0, 6): 1
(29, 237, 0, 0): 1
(0, 761, 0, 0): 1
(9, 761, 1, 4): 1
(27, 761, 0, 5): 1
(2, 39, 2, 4): 1
(9, 762, 1, 0): 1
(42, 762, 0, 0): 1
(42, 555, 0, 5): 1
(555, 763, 3, 0): 1
(8, 763, 0, 7): 1
(21, 555, 0, 1): 1
(19, 58, 1, 3): 1
(51, 58, 0, 1): 2
(14, 623, 1, 0): 1
(3, 516, 2, 0): 1
(22, 516, 1, 1): 2
(81, 516, 0, 3): 1
(81, 764, 0, 3): 1
(21, 764, 0, 7): 1
(2, 765, 2, 2): 1
(0, 765, 0, 2): 1
(2, 765, 2, 4): 1
(27, 765, 0, 10): 1
(42, 765, 0, 12): 1
(42, 510, 0, 6): 1
(0, 55, 0, 2): 1
(55, 653, 2, 0): 1
(22, 653, 1, 0): 1
(49, 653, 0, 0): 1
(2, 653, 2, 0): 1
(27, 766, 0, 13): 1
(21, 766, 0, 11): 1
(21, 183, 0, 0): 3
(183, 219, 4, 0): 1
(22, 219, 1, 0): 3
(53, 162, 1, 1): 1
(162, 451, 0, 0): 1
(93, 451, 0, 2): 1
(37, 119, 9, 0): 1
(572, 767, 1, 0): 1
(21, 572, 0, 4): 1
(0, 768, 0, 0): 1
(20, 768, 8, 6): 1
(29, 768, 0, 12): 1
(69, 769, 1, 0): 1
(0, 769, 0, 1): 1
(31, 769, 6, 6): 1
(73, 769, 5, 12): 1
(42, 770, 0, 5): 1
(0, 770, 0, 7): 2
(97, 771, 1, 0): 1
(81, 771, 0, 1): 1
(16, 772, 0, 0): 1
(219, 291, 0, 4): 1
(0, 291, 0, 0): 1
(16, 241, 0, 6): 1
(16, 773, 0, 1): 1
(9, 241, 1, 7): 1
(27, 241, 0, 1): 1
(3, 773, 2, 1): 1
(3, 774, 2, 0): 1
(0, 774, 0, 11): 1
(0, 774, 0, 10): 1
(3, 775, 2, 1): 1
(775, 776, 6, 0): 1
(21, 775, 0, 9): 1
(12, 46, 4, 1): 1
(69, 563, 0, 6): 1
(20, 563, 8, 9): 1
(0, 563, 0, 12): 2
(31, 777, 3, 4): 1
(31, 231, 6, 4): 1
(16, 31, 0, 0): 2
(29, 719, 0, 1): 1
(719, 778, 1, 0): 1
(42, 778, 0, 7): 1
(18, 719, 2, 5): 1
(9, 31, 1, 3): 2
(31, 779, 6, 1): 1
(18, 779, 2, 4): 1
(42, 779, 0, 5): 1
(65, 89, 0, 3): 1
(65, 448, 0, 1): 1
(96, 448, 1, 1): 1
(0, 780, 0, 0): 1
(404, 780, 1, 2): 1
(3, 404, 2, 1): 1
(2, 510, 2, 6): 1
(22, 780, 1, 8): 1
(0, 781, 0, 0): 1
(0, 781, 0, 6): 2
(69, 781, 0, 7): 1
(34, 69, 0, 1): 1
(89, 782, 3, 0): 1
(81, 782, 0, 2): 1
(3, 783, 2, 0): 1
(49, 782, 0, 4): 1
(0, 782, 0, 11): 2
(0, 784, 0, 0): 1
(3, 784, 2, 7): 1
(46, 65, 1, 0): 1
(31, 46, 3, 1): 1
(3, 322, 2, 0): 1
(2, 271, 1, 3): 1
(49, 271, 0, 3): 1
(0, 785, 0, 0): 1
(49, 785, 0, 4): 1
(31, 785, 0, 6): 1
(107, 785, 0, 8): 1
(29, 786, 0, 0): 1
(3, 786, 2, 7): 1
(29, 786, 0, 12): 1
(2, 53, 1, 0): 1
(53, 219, 1, 0): 1
(34, 209, 0, 1): 1
(18, 177, 2, 6): 1
(42, 787, 0, 0): 1
(8, 787, 0, 2): 1
(20, 787, 8, 2): 1
(14, 162, 1, 0): 1
(3, 788, 2, 0): 1
(137, 788, 1, 2): 1
(0, 788, 0, 8): 1
(29, 789, 0, 0): 1
(6, 58, 1, 0): 1
(29, 790, 0, 7): 1
(3, 790, 2, 0): 1
(4, 791, 0, 0): 1
(20, 791, 8, 5): 1
(3, 792, 2, 0): 1
(6, 792, 1, 1): 1
(3, 792, 2, 4): 2
(21, 87, 0, 0): 1
(3, 793, 2, 0): 1
(20, 793, 8, 2): 1
(20, 793, 8, 3): 1
(379, 593, 0, 5): 1
(46, 794, 1, 4): 1
(3, 794, 2, 8): 1
(0, 794, 0, 9): 1
(3, 794, 2, 10): 1
(3, 105, 2, 0): 2
(14, 795, 1, 0): 1
(3, 795, 2, 4): 1
(31, 795, 3, 4): 1
(3, 796, 2, 0): 2
(20, 796, 8, 10): 2
(18, 797, 2, 0): 1
(3, 797, 2, 1): 1
(20, 797, 8, 6): 1
(21, 31, 0, 3): 1
(29, 798, 0, 0): 1
(42, 798, 0, 2): 1
(31, 49, 0, 0): 2
(409, 799, 1, 0): 1
(3, 799, 2, 5): 1
(2, 800, 1, 0): 1
(4, 800, 0, 9): 1
(0, 801, 0, 0): 1
(27, 801, 0, 2): 1
(0, 801, 0, 3): 1
(62, 801, 0, 7): 1
(9, 801, 1, 8): 1
(3, 802, 2, 0): 1
(3, 802, 2, 4): 1
(21, 34, 0, 0): 2
(34, 660, 0, 1): 1
(9, 802, 1, 6): 1
(21, 803, 0, 3): 2
(27, 803, 0, 7): 1
(21, 804, 0, 3): 2
(27, 804, 0, 9): 1
(37, 40, 2, 8): 1
(2, 805, 1, 8): 1
(14, 759, 1, 5): 1
(14, 319, 1, 5): 1
(49, 806, 0, 0): 1
(22, 806, 1, 1): 1
(21, 806, 0, 6): 1
(3, 255, 2, 0): 1
(0, 807, 0, 0): 1
(89, 807, 3, 7): 1
(49, 807, 0, 10): 1
(16, 808, 0, 14): 1
(0, 808, 0, 4): 2
(0, 808, 0, 5): 1
(3, 809, 2, 0): 1
(21, 809, 0, 0): 1
(89, 359, 3, 1): 1
(3, 359, 2, 0): 2
(21, 810, 0, 1): 1
(46, 810, 1, 3): 1
(69, 810, 1, 4): 1
(3, 811, 2, 1): 1
(93, 811, 0, 7): 1
(20, 93, 8, 3): 1
(38, 55, 1, 2): 1
(20, 38, 8, 4): 2
(69, 812, 1, 0): 1
(3, 812, 2, 3): 1
(40, 49, 8, 0): 1
(0, 812, 0, 4): 1
(21, 25, 0, 0): 1
(29, 562, 0, 3): 1
(562, 813, 6, 2): 1
(16, 813, 0, 6): 1
(31, 813, 0, 7): 1
(31, 813, 6, 9): 1
(29, 562, 0, 1): 1
(0, 814, 0, 0): 2
(2, 814, 2, 3): 1
(0, 814, 0, 6): 1
(0, 814, 0, 11): 1
(4, 814, 0, 15): 1
(0, 814, 0, 18): 2
(0, 814, 0, 22): 1
(22, 563, 1, 6): 1
(89, 816, 3, 1): 1
(18, 816, 2, 4): 1
(61, 817, 4, 7): 1
(34, 68, 0, 12): 1
(93, 818, 3, 0): 1
(62, 818, 0, 6): 1
(20, 818, 8, 8): 1
(0, 818, 0, 18): 1
(18, 818, 2, 18): 1
(0, 819, 0, 1): 1
(71, 819, 0, 1): 1
(167, 819, 0, 0): 1
(6, 820, 1, 2): 1
(22, 820, 1, 7): 1
(6, 820, 1, 12): 1
(49, 821, 0, 0): 1
(2, 821, 2, 3): 1
(31, 822, 6, 4): 1
(16, 822, 0, 4): 1
(18, 822, 2, 6): 1
(29, 823, 0, 0): 1
(0, 823, 0, 7): 1
(2, 823, 1, 12): 1
(0, 823, 0, 15): 1
(89, 379, 3, 0): 1
(21, 119, 0, 0): 1
(3, 824, 2, 0): 1
(3, 824, 2, 2): 1
(0, 824, 0, 5): 1
(18, 824, 2, 7): 1
(2, 129, 1, 0): 1
(27, 129, 0, 5): 1
(69, 420, 1, 3): 1
(399, 420, 2, 0): 1
(31, 399, 3, 4): 1
(81, 316, 0, 6): 1
(3, 316, 2, 3): 1
(3, 757, 2, 0): 1
(18, 288, 2, 9): 1
(288, 825, 3, 0): 1
(38, 825, 4, 6): 1
(31, 288, 6, 0): 1
(0, 719, 0, 1): 1
(42, 719, 0, 1): 1
(42, 719, 0, 5): 1
(34, 826, 0, 2): 1
(430, 826, 3, 7): 1
(27, 430, 0, 12): 1
(16, 827, 0, 0): 2
(62, 827, 0, 3): 2
(547, 810, 2, 4): 1
(27, 810, 0, 1): 1
(61, 810, 1, 3): 1
(34, 61, 0, 4): 1
(3, 350, 2, 1): 1
(22, 350, 1, 0): 1
(51, 350, 0, 6): 1
(51, 350, 0, 0): 1
(14, 828, 1, 0): 1
(22, 828, 1, 1): 1
(22, 828, 1, 3): 1
(42, 828, 0, 3): 1
(6, 53, 1, 1): 1
(22, 443, 1, 9): 1
(12, 443, 4, 0): 1
(3, 49, 2, 0): 2
(69, 829, 1, 0): 1
(0, 829, 0, 1): 1
(3, 829, 2, 4): 1
(3, 830, 2, 0): 1
(21, 831, 0, 2): 1
(831, 832, 5, 0): 1
(0, 832, 0, 6): 1
(31, 31, 0, 3): 1
(31, 833, 6, 1): 1
(20, 833, 8, 6): 1
(0, 834, 0, 0): 1
(21, 834, 0, 7): 1
(3, 834, 2, 13): 1
(21, 835, 0, 0): 1
(20, 835, 8, 3): 2
(18, 836, 2, 1): 1
(3, 836, 2, 5): 1
(42, 837, 0, 0): 1
(18, 837, 2, 4): 1
(15, 20, 11, 8): 1
(21, 211, 0, 0): 1
(0, 771, 0, 1): 1
(34, 771, 0, 0): 1
(179, 346, 1, 1): 1
(22, 838, 1, 0): 1
(3, 838, 2, 1): 1
(20, 838, 8, 6): 2
(14, 839, 1, 0): 1
(3, 839, 2, 5): 1
(289, 323, 2, 4): 1
(44, 323, 0, 9): 1
(73, 323, 5, 14): 1
(42, 840, 0, 6): 1
(0, 841, 0, 0): 1
(18, 841, 2, 9): 1
(22, 841, 1, 10): 1
(0, 841, 0, 12): 1
(3, 842, 2, 0): 2
(42, 843, 0, 2): 1
(35, 843, 8, 5): 1
(42, 843, 0, 8): 1
(0, 844, 0, 1): 2
(3, 844, 2, 5): 1
(3, 845, 2, 0): 1
(16, 845, 0, 2): 1
(20, 845, 8, 4): 1
(103, 846, 7, 2): 1
(68, 846, 12, 6): 1
(3, 847, 2, 6): 1
(33, 847, 3, 11): 1
(3, 848, 2, 0): 2
(29, 177, 0, 6): 1
(9, 177, 1, 6): 1
(14, 848, 1, 8): 1
(3, 849, 2, 5): 1
(42, 849, 0, 10): 1
(8, 849, 0, 4): 1
(31, 850, 3, 2): 1
(49, 850, 0, 6): 1
(346, 850, 1, 7): 1
(20, 850, 8, 8): 1
(102, 851, 4, 0): 1
(0, 852, 0, 1): 1
(14, 852, 1, 1): 1
(33, 55, 3, 2): 1
(107, 852, 0, 4): 2
(31, 853, 3, 0): 1
(27, 853, 0, 13): 1
(29, 853, 0, 20): 1
(29, 853, 0, 21): 1
(31, 854, 0, 3): 1
(3, 855, 2, 0): 1
(29, 855, 0, 0): 1
(0, 856, 0, 0): 1
(2, 856, 1, 3): 1
(20, 856, 8, 8): 1
(23, 105, 0, 0): 1
(2, 52, 1, 4): 1
(3, 857, 2, 2): 1
(0, 857, 0, 4): 1
(27, 857, 0, 9): 2
(20, 858, 8, 0): 6
(34, 858, 0, 1): 2
(593, 859, 5, 3): 1
(21, 792, 0, 1): 1
(379, 792, 0, 0): 1
(162, 183, 1, 4): 1
(183, 247, 0, 2): 1
(21, 247, 0, 0): 1
(69, 861, 1, 6): 1
(69, 860, 0, 0): 1
(861, 862, 16, 1): 1
(29, 863, 0, 0): 1
(2, 863, 2, 6): 1
(2, 660, 1, 1): 1
(29, 863, 0, 7): 1
(0, 40, 0, 8): 1
(40, 864, 5, 0): 1
(37, 864, 9, 11): 1
(0, 864, 0, 16): 1
(16, 205, 0, 4): 1
(205, 420, 4, 3): 1
(54, 420, 2, 0): 1
(2, 420, 2, 2): 1
(3, 865, 2, 4): 1
(0, 866, 0, 1): 1
(42, 866, 0, 9): 1
(3, 384, 2, 0): 1
(0, 866, 0, 4): 1
(21, 420, 0, 2): 1
(29, 420, 0, 3): 1
(37, 93, 9, 3): 1
(11, 93, 0, 3): 1
(29, 807, 0, 0): 1
(22, 807, 1, 7): 1
(16, 807, 0, 10): 1
(16, 68, 0, 12): 1
(44, 565, 0, 4): 1
(21, 57, 0, 4): 1
(57, 146, 0, 3): 1
(3, 146, 2, 0): 1
(146, 219, 5, 0): 1
(844, 867, 5, 3): 1
(639, 867, 2, 5): 1
(3, 867, 2, 8): 1
(69, 868, 1, 4): 1
(0, 868, 0, 8): 1
(9, 596, 1, 5): 1
(596, 870, 0, 0): 1
(34, 870, 0, 4): 1
(3, 505, 2, 0): 2
(0, 871, 0, 0): 1
(219, 871, 0, 1): 1
(857, 871, 2, 1): 1
(19, 857, 1, 4): 1
(3, 872, 2, 0): 1
(0, 872, 0, 1): 1
(0, 872, 0, 8): 1
(55, 872, 2, 11): 1
(40, 55, 8, 2): 1
(6, 40, 1, 5): 1
(3, 817, 2, 7): 1
(16, 409, 0, 1): 1
(16, 194, 0, 0): 1
(3, 873, 2, 6): 1
(0, 873, 0, 2): 2
(0, 873, 0, 0): 2
(8, 873, 0, 12): 2
(3, 165, 2, 2): 1
(54, 165, 2, 0): 1
(69, 874, 1, 0): 1
(27, 874, 0, 0): 1
(0, 448, 0, 1): 1
(3, 875, 2, 0): 1
(3, 875, 2, 9): 1
(3, 876, 2, 0): 1
(29, 877, 0, 0): 1
(560, 877, 4, 3): 1
(37, 560, 2, 1): 1
(37, 62, 9, 0): 1
(29, 877, 0, 12): 1
(69, 878, 0, 3): 1
(3, 878, 2, 6): 1
(3, 879, 2, 0): 1
(0, 879, 0, 0): 1
(0, 879, 0, 1): 1
(0, 879, 0, 4): 1
(69, 878, 0, 8): 1
(4, 880, 0, 3): 1
(3, 248, 2, 3): 1
(3, 382, 2, 0): 1
(3, 881, 2, 0): 1
(0, 881, 0, 7): 1
(0, 881, 0, 8): 1
(16, 382, 0, 2): 1
(16, 179, 0, 1): 1
(16, 179, 0, 3): 1
(2, 882, 2, 1): 1
(21, 882, 0, 2): 1
(14, 882, 1, 11): 1
(2, 201, 2, 0): 1
(29, 75, 0, 0): 1
(18, 58, 2, 3): 1
(3, 883, 2, 0): 1
(61, 420, 1, 3): 1
(0, 420, 0, 0): 1
(0, 884, 0, 0): 1
(884, 885, 4, 0): 1
(424, 885, 2, 3): 1
(49, 884, 0, 13): 1
(16, 886, 0, 2): 1
(2, 886, 2, 4): 1
(68, 886, 12, 11): 1
(3, 585, 2, 3): 1
(27, 585, 0, 5): 1
(31, 585, 6, 1): 1
(14, 887, 1, 4): 1
(8, 887, 0, 6): 1
(21, 887, 0, 6): 1
(29, 888, 0, 0): 1
(29, 888, 0, 4): 1
(0, 888, 0, 7): 1
(0, 888, 0, 11): 1
(16, 888, 0, 15): 1
(61, 379, 4, 0): 1
(16, 889, 0, 1): 1
(161, 235, 1, 0): 1
(58, 235, 3, 3): 1
(0, 461, 0, 10): 1
(3, 461, 2, 0): 1
(3, 890, 2, 0): 1
(21, 890, 0, 4): 1
(19, 21, 1, 0): 1
(2, 461, 2, 5): 1
(891, 892, 7, 0): 1
(69, 98, 1, 6): 1
(3, 98, 2, 8): 1
(16, 893, 0, 2): 1
(35, 37, 8, 9): 1
(96, 127, 1, 0): 1
(2, 894, 1, 7): 1
(19, 894, 1, 11): 1
(29, 895, 0, 1): 1
(29, 895, 0, 5): 1
(0, 895, 0, 10): 2
(42, 896, 0, 0): 1
(3, 896, 2, 6): 1
(0, 897, 0, 0): 1
(425, 897, 4, 0): 1
(51, 425, 0, 4): 1
(14, 551, 1, 6): 1
(21, 551, 0, 1): 1
(29, 898, 0, 0): 1
(14, 898, 1, 13): 1
(20, 168, 8, 3): 1
(168, 899, 1, 13): 1
(8, 899, 0, 2): 2
(14, 681, 1, 3): 1
(11, 681, 0, 0): 1
(3, 15, 2, 11): 1
(0, 9, 0, 1): 1
(69, 168, 1, 1): 1
(0, 168, 0, 3): 1
(103, 365, 7, 0): 1
(38, 133, 1, 7): 1
(38, 900, 4, 0): 1
(167, 901, 0, 3): 1
(3, 902, 2, 10): 1
(6, 183, 1, 4): 1
(3, 903, 2, 0): 1
(4, 219, 0, 0): 2
(20, 219, 8, 0): 1
(4, 681, 0, 3): 1
(3, 681, 2, 0): 1
(69, 429, 1, 2): 1
(27, 118, 0, 1): 1
(89, 118, 3, 5): 1
(62, 194, 0, 0): 1
(21, 904, 0, 0): 1
(3, 904, 2, 1): 1
(14, 904, 1, 7): 1
(21, 905, 0, 1): 1
(3, 905, 2, 3): 1
(19, 424, 1, 2): 1
(42, 351, 0, 8): 1
(22, 351, 1, 8): 1
(34, 906, 0, 6): 1
(27, 907, 0, 0): 1
(256, 907, 0, 18): 1
(38, 908, 1, 0): 1
(21, 908, 0, 9): 1
(3, 908, 2, 11): 1
(0, 909, 0, 0): 1
(31, 909, 0, 3): 1
(22, 909, 1, 8): 1
(0, 910, 0, 1): 1
(20, 910, 8, 5): 1
(42, 910, 0, 8): 1
(42, 231, 0, 1): 1
(0, 911, 0, 0): 1
(0, 911, 0, 6): 1
(27, 911, 0, 12): 1
(0, 911, 0, 18): 2
(0, 911, 0, 22): 1
(0, 911, 0, 23): 1
(2, 911, 2, 26): 1
(2, 12, 2, 4): 1
(0, 911, 0, 29): 1
(42, 103, 0, 11): 1
(42, 496, 0, 0): 1
(37, 326, 2, 0): 1
(37, 42, 9, 0): 1
(42, 912, 0, 3): 1
(20, 912, 8, 5): 1
(6, 913, 1, 1): 1
(0, 913, 0, 8): 1
(0, 913, 0, 11): 1
(4, 825, 0, 0): 1
(3, 825, 2, 6): 1
(29, 200, 0, 8): 1
(22, 200, 1, 0): 1
(3, 200, 2, 14): 1
(419, 914, 3, 1): 1
(27, 914, 0, 2): 1
(27, 914, 0, 8): 1
(27, 914, 0, 9): 1
(31, 915, 0, 0): 1
(58, 916, 0, 0): 1
(3, 916, 2, 8): 1
(0, 916, 0, 12): 1
(0, 130, 0, 1): 1
(96, 130, 1, 5): 1
(14, 917, 1, 1): 1
(20, 917, 8, 2): 1
(14, 917, 1, 8): 1
(42, 918, 0, 2): 1
(12, 918, 4, 8): 1
(14, 440, 1, 4): 1
(69, 440, 0, 15): 1
(2, 437, 2, 0): 1
(2, 919, 1, 0): 1
(3, 919, 2, 5): 1
(57, 798, 0, 2): 1
(42, 798, 0, 0): 1
(42, 50, 0, 7): 1
(22, 50, 1, 7): 1
(19, 920, 1, 0): 1
(42, 920, 0, 3): 1
(42, 921, 0, 6): 1
(18, 921, 2, 6): 1
(42, 920, 0, 5): 1
(42, 922, 0, 3): 1
(471, 922, 0, 11): 1
(0, 923, 0, 0): 1
(3, 923, 2, 4): 1
(27, 40, 0, 8): 1
(3, 924, 2, 2): 1
(29, 925, 0, 0): 1
(12, 925, 4, 5): 1
(3, 925, 2, 8): 1
(0, 516, 0, 0): 1
(505, 516, 0, 1): 1
(11, 516, 0, 3): 1
(516, 926, 1, 4): 1
(21, 575, 0, 1): 1
(69, 927, 1, 0): 1
(73, 162, 5, 0): 1
(137, 928, 1, 0): 1
(3, 928, 2, 3): 1
(3, 616, 2, 7): 1
(27, 928, 0, 8): 1
(0, 480, 0, 1): 1
(31, 480, 3, 1): 1
(194, 480, 0, 0): 1
(40, 194, 5, 0): 1
(18, 40, 2, 8): 1
(34, 929, 0, 8): 1
(68, 929, 12, 10): 1
(105, 929, 0, 13): 1
(31, 155, 0, 3): 1
(42, 562, 0, 1): 1
(42, 562, 0, 3): 1
(49, 562, 0, 6): 1
(21, 930, 0, 0): 1
(712, 930, 0, 5): 1
(31, 69, 6, 1): 1
(31, 68, 0, 12): 1
(42, 238, 0, 4): 1
(3, 119, 2, 0): 1
(16, 73, 0, 5): 1
(0, 620, 0, 5): 1
(3, 931, 2, 4): 1
(93, 931, 3, 6): 1
(93, 167, 0, 0): 1
(49, 931, 0, 3): 1
